-34 15 1.0
-20 1 0.166666666667
-20 0 0.0833333333333
-20 3 0.333333333333
-20 2 0.166666666667
-20 -1 0.0833333333333
-20 -2 0.166666666667
-21 13 0.0833333333333
-21 12 0.0833333333333
-21 1 0.166666666667
-21 0 0.166666666667
-21 2 0.0833333333333
-21 -1 0.0833333333333
-21 7 0.166666666667
-21 5 0.166666666667
-18 1 0.413793103448
-18 0 0.137931034483
-18 3 0.0689655172414
-18 2 0.103448275862
-18 -1 0.137931034483
-18 4 0.0344827586207
-18 7 0.0344827586207
-18 6 0.0689655172414
24 0 0.285714285714
24 -24 0.0285714285714
24 -5 0.0285714285714
24 -10 0.171428571429
24 3 0.0571428571429
24 -12 0.0285714285714
24 -1 0.0857142857143
24 -3 0.114285714286
24 -2 0.114285714286
24 2 0.0285714285714
24 -9 0.0571428571429
25 -11 0.333333333333
25 0 0.666666666667
26 -5 0.5
26 8 0.5
27 0 1.0
-28 0 0.5
-28 4 0.5
-29 0 0.333333333333
-29 31 0.166666666667
-29 3 0.166666666667
-29 17 0.166666666667
-29 16 0.166666666667
22 -24 0.1
22 0 0.3
22 -15 0.3
22 -14 0.1
22 -3 0.1
22 -1 0.1
23 -4 0.333333333333
23 -2 0.333333333333
23 -16 0.333333333333
-24 1 0.1
-24 0 0.233333333333
-24 3 0.333333333333
-24 2 0.0333333333333
-24 5 0.2
-24 -3 0.0333333333333
-24 -2 0.0333333333333
-24 9 0.0333333333333
-25 1 1.0
-26 3 0.5
-26 2 0.125
-26 -1 0.125
-26 4 0.25
28 -4 0.5
28 -3 0.5
29 -5 1.0
-22 10 0.153846153846
-22 26 0.0769230769231
-22 22 0.230769230769
-22 0 0.153846153846
-22 3 0.0769230769231
-22 7 0.153846153846
-22 -2 0.0769230769231
-22 9 0.0769230769231
-23 3 0.142857142857
-23 4 0.714285714286
-23 -3 0.142857142857
1 28 1.53955106691e-05
1 24 3.07910213382e-05
1 25 3.07910213382e-05
1 21 1.53955106691e-05
1 -24 1.53955106691e-05
1 -20 4.61865320073e-05
1 -21 1.53955106691e-05
1 -22 1.53955106691e-05
1 1 0.095051882871
1 0 0.18385318841
1 3 0.0294670074206
1 2 0.241540166887
1 5 0.016981248268
1 4 0.0379499337993
1 7 0.0165501739693
1 6 0.00278658743111
1 9 0.00665086060905
1 8 0.00705114388644
1 -11 0.000538842873418
1 -10 0.0033870123472
1 -13 0.000384887766727
1 -12 0.00437232503002
1 -15 0.000292514702713
1 -14 0.000123164085353
1 -17 0.000200141638698
1 -16 0.000107768574684
1 -19 0.00016935061736
1 -18 4.61865320073e-05
1 11 0.00173969270561
1 10 0.00377190011393
1 13 7.69775533454e-05
1 12 0.00352557194322
1 15 3.07910213382e-05
1 14 0.000323305724051
1 17 0.000107768574684
1 16 0.000138559596022
1 -5 0.0260953905841
1 -4 0.0156418388398
1 -7 0.00732826307849
1 -6 0.00377190011393
1 -1 0.189749668997
1 -3 0.0668165163038
1 -2 0.0196292761031
1 -9 0.0057271299689
1 -8 0.00783631493057
0 -21 1.92985367849e-05
0 24 6.94747324258e-05
0 -48 3.85970735699e-06
0 27 3.85970735699e-06
0 20 2.31582441419e-05
0 -29 1.92985367849e-05
0 22 7.71941471398e-06
0 -24 3.85970735699e-05
0 -20 3.85970735699e-06
0 29 3.85970735699e-06
0 -22 7.71941471398e-06
0 1 0.0366402019399
0 0 0.401031313806
0 3 0.0370338920903
0 2 0.101174508949
0 5 0.0276548032128
0 4 0.0256516150945
0 7 0.01599076758
0 6 0.001902835727
0 9 0.00870749979737
0 8 0.00418392277498
0 -2 0.129365811484
0 -11 0.000532639615264
0 -10 0.00306460764145
0 -13 0.000196845075206
0 -12 0.00389830443056
0 -15 0.000216143611991
0 -14 0.000420708101912
0 -17 0.000227722734062
0 -16 0.000162107708994
0 -19 3.47373662129e-05
0 -18 3.47373662129e-05
0 21 1.5438829428e-05
0 11 0.000613693469761
0 10 0.00326145271666
0 13 6.94747324258e-05
0 12 0.00478603712267
0 15 0.000266319807632
0 14 0.000389830443056
0 17 0.00011579122071
0 16 0.000212283904634
0 19 9.26329765677e-05
0 -36 3.85970735699e-06
0 31 1.1579122071e-05
0 -34 7.71941471398e-06
0 -5 0.025991269342
0 -4 0.0255203850444
0 -7 0.0158363792857
0 -6 0.00179090421364
0 -1 0.061249696048
0 -3 0.0513341078479
0 18 7.71941471398e-06
0 -9 0.00576640279134
0 -8 0.00433059165454
3 21 0.000192893792678
3 -20 1.92893792678e-05
3 -22 1.92893792678e-05
3 1 0.0134639867289
3 0 0.266251302033
3 3 0.0266193433895
3 2 0.130299756954
3 5 0.0441340997647
3 4 0.0654681532348
3 7 0.0103198179083
3 6 0.00298985378651
3 9 0.00675128274372
3 8 0.00034720882682
3 -11 0.000192893792678
3 -10 0.00316345819992
3 -13 0.000135025654874
3 -12 0.0041279271633
3 -15 0.000231472551213
3 -14 0.000231472551213
3 -17 9.64468963389e-05
3 -19 1.92893792678e-05
3 -18 0.000154315034142
3 11 0.000135025654874
3 10 0.000212183171946
3 13 1.92893792678e-05
3 12 0.000732996412175
3 14 7.71575170711e-05
3 17 1.92893792678e-05
3 16 5.78681378033e-05
3 19 5.78681378033e-05
3 -31 1.92893792678e-05
3 -5 0.0290498051773
3 -4 0.00557463060839
3 -7 0.0175533351337
3 -6 0.00416650592184
3 -1 0.105860113422
3 -3 0.157748543652
3 -2 0.0960996875121
3 -9 0.00123452027314
3 -8 0.00615331198642
2 27 8.34947565293e-06
2 20 8.34947565293e-06
2 -29 8.34947565293e-06
2 46 8.34947565293e-06
2 -21 1.66989513059e-05
2 -22 1.66989513059e-05
2 1 0.146783781978
2 0 0.202032262374
2 3 0.0672049295304
2 2 0.175071805491
2 5 0.0160393427293
2 4 0.00420813572908
2 7 0.00482599692739
2 6 0.000851646516599
2 9 0.000960189700087
2 8 0.00237125108543
2 -11 0.000876694943558
2 -10 0.00171164250885
2 -13 2.50484269588e-05
2 -12 0.0020038741567
2 -15 5.00968539176e-05
2 -14 0.000417473782646
2 -17 4.17473782646e-05
2 -16 0.000133591610447
2 -19 7.51452808764e-05
2 11 5.84463295705e-05
2 10 0.00133591610447
2 13 6.67958052234e-05
2 12 0.000726404381805
2 15 0.000108543183488
2 14 7.51452808764e-05
2 17 1.66989513059e-05
2 16 5.84463295705e-05
2 19 2.50484269588e-05
2 -5 0.0237793066595
2 -4 0.0458135729076
2 -7 0.0188197181217
2 -6 0.00155300247144
2 -1 0.00685491951105
2 -3 0.031828201189
2 -2 0.235029390154
2 -9 0.00748947966068
2 -8 0.000609511722664
5 24 6.97155605131e-05
5 22 3.48577802566e-05
5 23 3.48577802566e-05
5 -24 0.000139431121026
5 -20 0.00010457334077
5 -21 3.48577802566e-05
5 1 0.00927216954824
5 0 0.322155605131
5 3 0.0255856107083
5 2 0.128381204685
5 5 0.00937674288901
5 4 0.0595719464584
5 7 0.0074595649749
5 6 0.000348577802566
5 9 0.00223089793642
5 8 0.000662297824875
5 -11 0.000453151143335
5 -10 0.00268404907975
5 -13 0.000278862242052
5 -12 0.0104224762967
5 -15 0.000662297824875
5 -14 0.000383435582822
5 -17 0.000174288901283
5 -16 3.48577802566e-05
5 -19 3.48577802566e-05
5 -18 3.48577802566e-05
5 11 0.00010457334077
5 10 0.000557724484105
5 12 0.000697155605131
5 15 6.97155605131e-05
5 16 0.000139431121026
5 19 0.000209146681539
5 -5 0.0857152816509
5 -4 0.011956218628
5 -7 0.018753485778
5 -6 0.00439208031233
5 -1 0.104782487451
5 -3 0.0585262130508
5 -2 0.114995817066
5 -9 0.00501952035694
5 -8 0.013455103179
4 24 7.2819952667e-05
4 20 0.000145639905334
4 -24 0.000109229929001
4 -21 3.64099763335e-05
4 1 0.0843255051884
4 0 0.247260149281
4 3 0.189513926816
4 2 0.0169670489714
4 5 0.0307300200255
4 4 0.00404150737302
4 7 0.00709994538504
4 6 0.00131075914801
4 9 3.64099763335e-05
4 8 0.00276715820135
4 -11 0.00225741853268
4 -10 0.00382304751502
4 -13 0.000109229929001
4 -12 0.00393227744402
4 -14 0.000582559621336
4 -16 0.000436919716002
4 -19 0.000254869834335
4 10 0.000873839432004
4 13 3.64099763335e-05
4 12 0.000582559621336
4 15 0.000254869834335
4 14 3.64099763335e-05
4 -5 0.0148552703441
4 -4 0.111924267249
4 -7 0.0184598580011
4 -6 0.00196613872201
4 -1 0.0195157473148
4 -3 0.00469688694702
4 -2 0.216311669397
4 -9 0.0127434917167
4 -8 0.00192972874568
7 -26 7.16794495018e-05
7 -23 0.000143358899004
7 1 0.0296752920938
7 0 0.352877929897
7 3 0.0180632212745
7 2 0.0726112823454
7 5 0.0245860511791
7 4 0.00451580531862
7 7 0.00344061357609
7 6 0.000143358899004
7 9 0.00078847394452
7 8 0.000501756146513
7 -11 0.00100351229303
7 -10 0.00630779155616
7 -13 0.000143358899004
7 -12 0.00487420256612
7 -14 0.00078847394452
7 -17 0.000501756146513
7 -19 0.000286717798007
7 -18 0.000143358899004
7 10 0.000430076697011
7 12 0.000358397247509
7 14 7.16794495018e-05
7 -31 0.000143358899004
7 -5 0.0250161278761
7 -4 0.0331875851193
7 -7 0.0640814278546
7 -6 0.00172030678804
7 -1 0.0479535517167
7 -3 0.0643681456526
7 -2 0.225575227582
7 -9 0.0080280983442
7 -8 0.00759802164719
6 -24 0.000475963826749
6 1 0.122322703475
6 0 0.254164683484
6 3 0.015230842456
6 2 0.0380771061399
6 5 0.00523560209424
6 4 0.00761542122799
6 7 0.000475963826749
6 6 0.013326987149
6 9 0.001903855307
6 -11 0.00237981913375
6 -10 0.00571156592099
6 -12 0.00237981913375
6 -16 0.001903855307
6 -19 0.000951927653498
6 11 0.000475963826749
6 10 0.000951927653498
6 13 0.000475963826749
6 12 0.000951927653498
6 -5 0.011423131842
6 -4 0.0437886720609
6 -7 0.0128510233222
6 -6 0.0575916230366
6 -1 0.19466920514
6 -3 0.0475963826749
6 -2 0.139457401238
6 -9 0.00761542122799
6 -8 0.00999524036173
9 -28 0.000270929287456
9 -29 0.000270929287456
9 1 0.0544567867787
9 0 0.34773774045
9 3 0.0392847466811
9 2 0.0212679490653
9 5 0.0024383635871
9 4 0.000541858574912
9 7 0.00135464643728
9 6 0.000270929287456
9 9 0.000135464643728
9 8 0.00325115144947
9 -11 0.00189650501219
9 -10 0.00799241397995
9 -13 0.000135464643728
9 -12 0.00487672717421
9 -15 0.000135464643728
9 -14 0.000812787862368
9 -16 0.000541858574912
9 -19 0.000270929287456
9 -18 0.000135464643728
9 10 0.000270929287456
9 12 0.000135464643728
9 -5 0.0260092115958
9 -4 0.0738282308318
9 -7 0.0150365754538
9 -6 0.00230289894338
9 -1 0.0487672717421
9 -3 0.0135464643728
9 -2 0.279734489298
9 -9 0.0505283121105
9 -8 0.00176104036846
8 -24 0.00045766590389
8 -23 0.000228832951945
8 1 0.0391304347826
8 0 0.293821510297
8 3 0.00480549199085
8 2 0.0521739130435
8 5 0.00366132723112
8 4 0.0135011441648
8 7 0.000228832951945
8 6 0.000228832951945
8 9 0.00091533180778
8 -11 0.00434782608696
8 -10 0.0121281464531
8 -13 0.000228832951945
8 -12 0.0130434782609
8 -15 0.00091533180778
8 -17 0.000228832951945
8 -19 0.000228832951945
8 11 0.000228832951945
8 12 0.00045766590389
8 14 0.000228832951945
8 -5 0.0377574370709
8 -4 0.0141876430206
8 -7 0.0139588100686
8 -6 0.012585812357
8 -1 0.219908466819
8 -3 0.104347826087
8 -2 0.0686498855835
8 -9 0.0162471395881
8 -8 0.0711670480549
-48 0 1.0
-4 24 6.99912510936e-05
-4 21 0.00010498687664
-4 1 0.0234470691164
-4 0 0.253543307087
-4 3 0.0189676290464
-4 2 0.19937007874
-4 5 0.0423797025372
-4 4 0.120769903762
-4 7 0.0304461942257
-4 6 0.00692913385827
-4 9 0.0194225721785
-4 8 0.00314960629921
-4 -11 6.99912510936e-05
-4 -10 0.000909886264217
-4 -12 0.00087489063867
-4 -15 0.000314960629921
-4 -17 0.00010498687664
-4 -16 3.49956255468e-05
-4 11 0.00426946631671
-4 10 0.00444444444444
-4 13 0.000279965004374
-4 12 0.00909886264217
-4 15 0.000279965004374
-4 14 0.000594925634296
-4 17 0.000349956255468
-4 16 0.00076990376203
-4 19 0.000139982502187
-4 -5 0.0417847769029
-4 -4 0.00377952755906
-4 -7 0.00209973753281
-4 -6 0.00143482064742
-4 -1 0.0696762904637
-4 -3 0.117165354331
-4 -2 0.0191076115486
-4 -9 0.000139982502187
-4 -8 0.00367454068241
-2 28 6.80285992231e-06
-2 24 2.04085797669e-05
-2 26 6.80285992231e-06
-2 20 6.80285992231e-06
-2 -29 2.72114396892e-05
-2 23 6.80285992231e-06
-2 -26 1.36057198446e-05
-2 -20 6.80285992231e-06
-2 -21 6.80285992231e-06
-2 -22 1.36057198446e-05
-2 1 0.00562596515575
-2 0 0.231113560141
-2 3 0.0220956890277
-2 2 0.175874337572
-2 5 0.0261161792418
-2 4 0.037300080954
-2 7 0.0153744634244
-2 6 0.0010680490078
-2 9 0.00788451464996
-2 8 0.00148302346306
-2 -4 0.00729266583672
-2 -11 5.44228793785e-05
-2 -10 0.00197282937747
-2 -13 0.000108845758757
-2 -12 0.00179595501949
-2 -15 0.000163268638135
-2 -14 0.00017687435798
-2 -17 0.000122451478602
-2 -16 1.36057198446e-05
-2 -19 2.72114396892e-05
-2 21 6.80285992231e-06
-2 11 0.000850357490289
-2 10 0.00235378953312
-2 13 2.72114396892e-05
-2 12 0.00420416743199
-2 15 4.08171595339e-05
-2 14 0.000517017354096
-2 17 0.000108845758757
-2 16 0.000210888657592
-2 33 6.80285992231e-06
-2 -5 0.0280754028994
-2 19 6.12257393008e-05
-2 -7 0.0128642081131
-2 -6 0.00242181813234
-2 -1 0.127016197609
-2 -3 0.0805322557603
-2 -2 0.199303387144
-2 -9 0.00142860058369
-2 -8 0.00419056171214
# 20 0.000198688654878
# 1 0.0900059606596
# 0 0.286707728989
# 3 0.0739121796145
# 2 0.145241406716
# 5 0.0798728392609
# 4 0.0339757599841
# 7 0.0226505066561
# 6 0.000596065964633
# 9 0.0230478839658
# 8 0.00278164116829
# -11 0.000198688654878
# -10 0.00158950923902
# -12 0.00238426385853
# 11 0.000397377309756
# 10 0.00397377309756
# 12 0.0125173852573
# 15 0.000397377309756
# 14 0.000397377309756
# 16 0.000198688654878
# 18 0.000198688654878
# -5 0.0206636201073
# -4 0.0162924697
# -7 0.00913967812438
# -6 0.000198688654878
# -1 0.0576197099146
# -3 0.0385455990463
# -2 0.0685475859328
# -9 0.00556328233658
# -8 0.00218557520366
-11 11 0.0280898876404
-11 1 0.153558052434
-11 12 0.0355805243446
-11 14 0.00374531835206
-11 0 0.159176029963
-11 19 0.00187265917603
-11 -2 0.00374531835206
-11 7 0.0430711610487
-11 -17 0.00187265917603
-11 -4 0.00187265917603
-11 3 0.0355805243446
-11 2 0.0973782771536
-11 5 0.00561797752809
-11 4 0.24531835206
-11 -3 0.00187265917603
-11 6 0.0280898876404
-11 9 0.0936329588015
-11 -1 0.0468164794007
-11 -10 0.00187265917603
-11 -8 0.00187265917603
-11 8 0.00936329588015
-10 24 0.00128095644748
-10 1 0.173356105892
-10 0 0.214773697694
-10 3 0.118701964133
-10 2 0.105038428693
-10 5 0.0478223740393
-10 4 0.0409906063194
-10 7 0.036293766012
-10 6 0.0170794192997
-10 9 0.0542271562767
-10 8 0.0388556789069
-10 -10 0.000426985482494
-10 -12 0.00128095644748
-10 11 0.000426985482494
-10 10 0.0538001707942
-10 13 0.00256191289496
-10 12 0.0392826643894
-10 15 0.00256191289496
-10 14 0.000853970964987
-10 17 0.000426985482494
-10 16 0.00170794192997
-10 -4 0.0064047822374
-10 -7 0.00213492741247
-10 -1 0.00982066609735
-10 -3 0.00256191289496
-10 -2 0.0269000853971
-10 -9 0.000426985482494
-13 11 0.00724637681159
-13 12 0.0434782608696
-13 15 0.00724637681159
-13 7 0.0144927536232
-13 0 0.123188405797
-13 34 0.00724637681159
-13 1 0.528985507246
-13 -4 0.00724637681159
-13 3 0.0579710144928
-13 2 0.0434782608696
-13 5 0.0652173913043
-13 4 0.036231884058
-13 -3 0.00724637681159
-13 -2 0.0144927536232
-13 9 0.0289855072464
-13 8 0.00724637681159
-12 -24 0.00032414910859
-12 1 0.0515397082658
-12 0 0.220097244733
-12 3 0.0554294975689
-12 2 0.198055105348
-12 5 0.115397082658
-12 4 0.0638573743922
-12 7 0.0398703403566
-12 6 0.00291734197731
-12 9 0.0414910858995
-12 8 0.0119935170178
-12 -13 0.00032414910859
-12 -12 0.00064829821718
-12 11 0.00713128038898
-12 10 0.0408427876823
-12 13 0.00226904376013
-12 12 0.095623987034
-12 15 0.00226904376013
-12 14 0.00615883306321
-12 17 0.00064829821718
-12 16 0.00064829821718
-12 19 0.00097244732577
-12 -5 0.00388978930308
-12 -4 0.00129659643436
-12 -7 0.00097244732577
-12 -1 0.019773095624
-12 -3 0.00388978930308
-12 -2 0.0113452188006
-12 -9 0.00032414910859
-15 25 0.00621118012422
-15 12 0.0621118012422
-15 15 0.0372670807453
-15 22 0.00621118012422
-15 17 0.0124223602484
-15 0 0.105590062112
-15 -2 0.11801242236
-15 1 0.0745341614907
-15 -4 0.0310559006211
-15 3 0.198757763975
-15 2 0.0434782608696
-15 -1 0.0372670807453
-15 4 0.0496894409938
-15 7 0.0434782608696
-15 6 0.055900621118
-15 9 0.0683229813665
-15 5 0.0310559006211
-15 16 0.00621118012422
-15 8 0.0124223602484
-14 11 0.00340136054422
-14 10 0.00340136054422
-14 12 0.0850340136054
-14 15 0.00680272108844
-14 14 0.00340136054422
-14 7 0.0884353741497
-14 1 0.0748299319728
-14 0 0.180272108844
-14 3 0.0578231292517
-14 2 0.197278911565
-14 -1 0.0442176870748
-14 4 0.132653061224
-14 -3 0.0102040816327
-14 -2 0.0136054421769
-14 9 0.047619047619
-14 5 0.047619047619
-14 8 0.00340136054422
-17 11 0.00735294117647
-17 10 0.0367647058824
-17 12 0.0514705882353
-17 7 0.0294117647059
-17 17 0.0588235294118
-17 19 0.0147058823529
-17 -1 0.00735294117647
-17 1 0.0220588235294
-17 0 0.132352941176
-17 3 0.0147058823529
-17 2 0.183823529412
-17 5 0.301470588235
-17 4 0.0147058823529
-17 -3 0.00735294117647
-17 9 0.110294117647
-17 8 0.00735294117647
-16 11 0.00909090909091
-16 10 0.0363636363636
-16 12 0.0454545454545
-16 14 0.00909090909091
-16 16 0.0454545454545
-16 1 0.00909090909091
-16 0 0.172727272727
-16 3 0.00909090909091
-16 2 0.136363636364
-16 5 0.172727272727
-16 4 0.154545454545
-16 7 0.154545454545
-16 6 0.0181818181818
-16 9 0.0272727272727
-19 10 0.0128205128205
-19 1 0.0512820512821
-19 0 0.205128205128
-19 3 0.217948717949
-19 2 0.141025641026
-19 5 0.0384615384615
-19 4 0.166666666667
-19 7 0.0641025641026
-19 -2 0.102564102564
20 -17 0.133333333333
20 -5 0.133333333333
20 0 0.133333333333
20 -7 0.0666666666667
20 -1 0.133333333333
20 -14 0.133333333333
20 -3 0.0666666666667
20 -2 0.2
21 0 0.15
21 -5 0.1
21 -4 0.1
21 3 0.15
21 -17 0.4
21 -2 0.05
21 -18 0.05
11 -5 0.010854816825
11 0 0.271370420624
11 -10 0.00814111261872
11 -18 0.00271370420624
11 -20 0.00271370420624
11 3 0.0162822252374
11 -11 0.0217096336499
11 -4 0.0325644504749
11 -7 0.0067842605156
11 -6 0.00407055630936
11 -1 0.0515603799186
11 -12 0.0149253731343
11 -3 0.0393487109905
11 -2 0.374491180461
11 -13 0.00271370420624
11 2 0.0067842605156
11 1 0.118046132972
11 5 0.00407055630936
11 -9 0.00271370420624
11 -8 0.00814111261872
10 -24 0.00034566194262
10 -22 0.00034566194262
10 1 0.00898721050812
10 0 0.30349118562
10 3 0.00276529554096
10 2 0.054614586934
10 5 0.0034566194262
10 4 0.00725890079502
10 7 0.00069132388524
10 9 0.00069132388524
10 -11 0.00069132388524
10 -10 0.0397511234013
10 -13 0.00034566194262
10 -12 0.00967853439336
10 11 0.00034566194262
10 -5 0.0197027307293
10 -4 0.0176287590736
10 -7 0.0086415485655
10 -6 0.0051849291393
10 -1 0.241963359834
10 -3 0.0916004147943
10 -2 0.169374351884
10 -9 0.00449360525406
10 -8 0.00795022468026
13 1 0.00990099009901
13 -3 0.118811881188
13 0 0.168316831683
13 -13 0.00990099009901
13 -5 0.019801980198
13 -4 0.00990099009901
13 3 0.00990099009901
13 2 0.0693069306931
13 -1 0.39603960396
13 -12 0.00990099009901
13 7 0.019801980198
13 -2 0.118811881188
13 -15 0.00990099009901
13 -9 0.019801980198
13 -8 0.00990099009901
12 -24 0.000495908752789
12 -20 0.000247954376395
12 -23 0.000743863129184
12 1 0.0131415819489
12 0 0.382841557153
12 3 0.00892635755021
12 2 0.0406645177287
12 5 0.00619885940987
12 4 0.00371931564592
12 7 0.00322340689313
12 6 0.000247954376395
12 -11 0.00446317877511
12 -10 0.0047111331515
12 -13 0.00173568063476
12 -12 0.0627324572279
12 -15 0.000247954376395
12 -14 0.000247954376395
12 -17 0.000743863129184
12 -16 0.000247954376395
12 -19 0.000991817505579
12 12 0.000247954376395
12 -36 0.000247954376395
12 -5 0.0352095214481
12 -4 0.0304983882966
12 -7 0.017604760724
12 -6 0.00148772625837
12 -1 0.128192412596
12 -3 0.0937267542772
12 -2 0.142573766427
12 -9 0.00421522439871
12 -8 0.009422266303
15 1 0.0159574468085
15 12 0.0159574468085
15 0 0.367021276596
15 -24 0.0106382978723
15 -22 0.0212765957447
15 -5 0.00531914893617
15 -4 0.0106382978723
15 3 0.0106382978723
15 2 0.0212765957447
15 -15 0.0106382978723
15 4 0.0106382978723
15 -3 0.13829787234
15 -2 0.0744680851064
15 9 0.00531914893617
15 -1 0.202127659574
15 -10 0.00531914893617
15 5 0.00531914893617
15 -11 0.00531914893617
15 -12 0.063829787234
14 1 0.0454545454545
14 -3 0.0272727272727
14 0 0.221212121212
14 -5 0.030303030303
14 -10 0.0151515151515
14 3 0.0181818181818
14 -6 0.030303030303
14 -1 0.0151515151515
14 -14 0.0212121212121
14 -12 0.0181818181818
14 -2 0.469696969697
14 -11 0.00606060606061
14 2 0.0151515151515
14 5 0.0121212121212
14 -9 0.0242424242424
14 -4 0.030303030303
17 -5 0.0495867768595
17 14 0.0247933884298
17 0 0.330578512397
17 -26 0.0330578512397
17 -2 0.132231404959
17 -8 0.00826446280992
17 1 0.00826446280992
17 -10 0.0165289256198
17 -7 0.0247933884298
17 2 0.0495867768595
17 -1 0.157024793388
17 4 0.0247933884298
17 7 0.00826446280992
17 -16 0.00826446280992
17 -19 0.0330578512397
17 -3 0.0578512396694
17 -12 0.0330578512397
16 1 0.107142857143
16 12 0.0119047619048
16 -3 0.0178571428571
16 -4 0.10119047619
16 -24 0.0238095238095
16 -2 0.279761904762
16 3 0.077380952381
16 -5 0.0119047619048
16 0 0.238095238095
16 -7 0.00595238095238
16 2 0.0238095238095
16 -1 0.0357142857143
16 -12 0.047619047619
16 -16 0.00595238095238
16 -11 0.00595238095238
16 -9 0.00595238095238
33 0 1.0
-36 0 0.5
-36 7 0.5
31 1 0.4
31 -12 0.2
31 4 0.4
30 0 1.0
-31 3 0.666666666667
-31 2 0.333333333333
34 -24 1.0
-5 24 4.23065532851e-05
-5 22 4.23065532851e-05
-5 1 0.0535600964589
-5 0 0.26052375513
-5 3 0.121927486568
-5 2 0.147226805432
-5 5 0.124677412531
-5 4 0.028641536574
-5 7 0.029826120066
-5 6 0.0022845538774
-5 9 0.0233955239667
-5 8 0.00884206963659
-5 -11 0.000465372086136
-5 -10 0.000211532766426
-5 -13 4.23065532851e-05
-5 -12 0.000761517959132
-5 -14 0.000211532766426
-5 -16 4.23065532851e-05
-5 11 0.000465372086136
-5 10 0.00533062571392
-5 13 0.000423065532851
-5 12 0.00973050725557
-5 15 0.000126919659855
-5 14 0.000719211405847
-5 17 0.000338452426281
-5 19 4.23065532851e-05
-5 -5 0.00410373566866
-5 -4 0.0204340652367
-5 -7 0.00786901891103
-5 -6 0.000211532766426
-5 -1 0.0220840208148
-5 -3 0.0432372974574
-5 -2 0.081017049541
-5 -9 0.000676904852562
-5 -8 0.000465372086136
19 -1 0.09375
19 -4 0.078125
19 -24 0.015625
19 -2 0.25
19 3 0.03125
19 1 0.046875
19 0 0.234375
19 -7 0.0625
19 -12 0.015625
19 -15 0.015625
19 -3 0.015625
19 -16 0.0625
19 -19 0.015625
19 5 0.0625
-7 24 0.000227324391907
-7 20 7.57747973024e-05
-7 21 7.57747973024e-05
-7 1 0.0153822838524
-7 0 0.303250738804
-7 3 0.0772145184512
-7 2 0.154429036902
-7 5 0.0925210275063
-7 4 0.0808517087217
-7 7 0.0817610062893
-7 6 0.00492536182466
-7 9 0.0470561491248
-7 8 0.0189436993256
-7 -10 0.00030309918921
-7 -12 0.000378873986512
-7 -15 7.57747973024e-05
-7 -17 7.57747973024e-05
-7 11 0.00447071304084
-7 10 0.0110631204062
-7 13 7.57747973024e-05
-7 12 0.0225808895961
-7 15 0.000757747973024
-7 14 0.00166704554065
-7 17 0.000227324391907
-7 16 0.000606198378419
-7 19 0.000227324391907
-7 18 0.00030309918921
-7 -5 0.0125786163522
-7 -4 0.00181859513526
-7 -7 0.00212169432447
-7 -6 0.000378873986512
-7 -1 0.0331135864212
-7 -3 0.00977494885201
-7 -2 0.0199287716905
-7 -9 0.000151549594605
-7 -8 0.000606198378419
-6 1 0.233782645324
-6 0 0.196714406066
-6 3 0.125105307498
-6 2 0.0484414490312
-6 5 0.0623420387532
-6 4 0.0703454085931
-6 7 0.0273799494524
-6 6 0.0269587194608
-6 9 0.00716090985678
-6 8 0.0311710193766
-6 11 0.00210614995788
-6 10 0.00926705981466
-6 12 0.00252737994945
-6 15 0.000842459983151
-6 30 0.000842459983151
-6 -5 0.000842459983151
-6 -4 0.0126368997473
-6 -6 0.00842459983151
-6 -1 0.0871946082561
-6 -3 0.0320134793597
-6 -2 0.0122156697557
-6 -9 0.000842459983151
-6 -8 0.000842459983151
-1 20 1.397565441e-05
-1 23 1.397565441e-05
-1 -26 1.397565441e-05
-1 -21 1.397565441e-05
-1 -23 1.397565441e-05
-1 1 0.237446368426
-1 0 0.171048034324
-1 3 0.0574399396252
-1 2 0.00951742065322
-1 5 0.0143809483879
-1 4 0.00525484605817
-1 7 0.00318644920548
-1 6 0.00268332564672
-1 9 0.00240381255852
-1 8 0.00691794893296
-1 -11 0.000628904448451
-1 -10 0.000922393191061
-1 -13 5.59026176401e-05
-1 -12 0.001397565441
-1 -15 2.795130882e-05
-1 -14 0.00025156177938
-1 -17 2.795130882e-05
-1 -16 0.00015373219851
-1 -19 4.19269632301e-05
-1 11 0.000586977485221
-1 10 0.00218020208796
-1 13 0.0002795130882
-1 12 0.00177490811007
-1 15 0.0001397565441
-1 14 4.19269632301e-05
-1 17 0.00012578088969
-1 16 6.98782720501e-05
-1 19 2.795130882e-05
-1 18 8.38539264601e-05
-1 -5 0.00695987589619
-1 -4 0.0576355987869
-1 -7 0.0101603007561
-1 -6 0.00480762511705
-1 -1 0.0905342892681
-1 -3 0.00982488505024
-1 -2 0.292272860677
-1 -9 0.00654060626389
-1 -8 0.0020963481615
-3 24 1.92001228808e-05
-3 -28 3.84002457616e-05
-3 22 3.84002457616e-05
-3 -25 1.92001228808e-05
-3 1 0.0854021465737
-3 0 0.21340936582
-3 3 0.201966092583
-3 2 0.0686596394217
-3 5 0.0467522992147
-3 4 0.00451202887698
-3 7 0.0199873279189
-3 6 0.00445442850834
-3 9 0.00243841560586
-3 8 0.0109824702878
-3 -11 0.000192001228808
-3 -10 0.000211201351689
-3 -13 7.68004915231e-05
-3 -12 0.000595203809304
-3 -14 0.000230401474569
-3 -17 7.68004915231e-05
-3 -16 7.68004915231e-05
-3 -19 0.000288001843212
-3 -18 1.92001228808e-05
-3 11 0.000268801720331
-3 10 0.00491523145748
-3 13 0.000115200737285
-3 12 0.00382082445328
-3 15 0.000518403317781
-3 14 0.000230401474569
-3 17 0.000288001843212
-3 16 1.92001228808e-05
-3 19 5.76003686424e-05
-3 18 5.76003686424e-05
-3 -5 0.0165697060461
-3 -4 0.0868805560356
-3 -7 0.00541443465238
-3 -6 0.00120960774149
-3 -1 0.0152256974445
-3 -3 0.0198529270587
-3 -2 0.17875314402
-3 -9 0.00504963231765
-3 -8 0.000307201966093
18 1 0.3125
18 -18 0.0625
18 9 0.25
18 -1 0.1875
18 0 0.1875
46 -48 1.0
-9 24 0.000202798620969
-9 1 0.0480632731697
-9 0 0.237274386534
-9 3 0.033056175218
-9 2 0.177043196106
-9 5 0.153518556074
-9 4 0.0612451835328
-9 7 0.0675319407828
-9 6 0.0026363820726
-9 9 0.0902453863314
-9 8 0.0150070979517
-9 -10 0.000202798620969
-9 11 0.0046643682823
-9 10 0.0152098965727
-9 12 0.0257554248631
-9 15 0.000202798620969
-9 14 0.00283918069357
-9 17 0.00101399310485
-9 16 0.00182518758872
-9 -5 0.00202798620969
-9 -4 0.000405597241939
-9 -1 0.0365037517745
-9 -3 0.0141959034679
-9 -2 0.00912593794362
-9 -9 0.000202798620969
-8 1 0.228615463653
-8 0 0.188800410994
-8 3 0.169278191626
-8 2 0.066529668636
-8 5 0.0624197277164
-8 4 0.00899049576162
-8 7 0.0441818648857
-8 6 0.00950423837657
-8 9 0.0071923966093
-8 8 0.0693552530182
-8 -11 0.000770613922425
-8 10 0.0118160801438
-8 13 0.0010274852299
-8 12 0.0113023375289
-8 15 0.000770613922425
-8 14 0.00051374261495
-8 -5 0.0020549704598
-8 -4 0.0118160801438
-8 -7 0.0020549704598
-8 -1 0.0297970716671
-8 -3 0.00128435653737
-8 -2 0.0708964808631
-8 -9 0.0010274852299
