1	1	2	#
2	2	3	5
3	3	3.5	-5
4	3.5	4	5
5	4	4.5	0
6	4.5	5.5	0
7	5.5	6	-5
8	6	7	5
9	7	7.5	-5
10	7.5	8	5
11	8	9.5	0
12	9.5	10	2
13	10	11	2
14	11	11.5	-4
15	11.5	12	4
16	12	12.5	0
17	12.5	13.5	0
18	13.5	14	-4
19	14	15	4
20	15	15.5	-4
21	15.5	16	4
22	16	17.5	0
23	17.5	18	1
24	18	19	2
25	19	19.5	-3
26	19.5	20	3
27	20	20.5	0
28	20.5	21.5	0
29	21.5	22	-3
30	22	23	3
31	23	23.5	-3
32	23.5	24	3
33	24	25.5	0
34	25.5	26	0
35	26	27	5
36	27	27.5	-5
37	27.5	28	3
38	28	28.5	0
39	28.5	29	-1
40	29	30	-2
41	30	30.5	-2
42	30.5	31.5	-1
43	31.5	32	-2
44	32	33	-2
45	33	34	-5
46	34	35	5
47	35	35.5	-5
48	35.5	36	5
49	36	36.5	0
50	36.5	37.5	0
51	37.5	38	-5
52	38	39	5
53	39	39.5	-5
54	39.5	40	5
55	40	41.5	0
56	41.5	42	2
57	42	43	2
58	43	43.5	-4
59	43.5	44	4
60	44	44.5	0
61	44.5	45.5	0
62	45.5	46	-4
63	46	47	4
64	47	47.5	-4
65	47.5	48	4
66	48	49.5	0
67	49.5	50	1
68	50	51	2
69	51	51.5	-3
70	51.5	52	3
71	52	52.5	0
72	52.5	53.5	0
73	53.5	54	-3
74	54	55	3
75	55	55.5	-3
76	55.5	56	3
77	56	57.5	0
78	57.5	58	0
79	58	59	5
80	59	59.5	-5
81	59.5	60	3
82	60	60.5	0
83	60.5	61	-1
84	61	62	-2
85	62	62.5	-2
86	62.5	63.5	-1
87	63.5	64	-2
88	64	65	-2
89	66	66.5	11
90	67.5	68	0
91	68	68.5	0
92	68.5	69.5	0
93	69.5	70	-4
94	70	70.5	4
95	70.5	71	0
96	71	71.5	0
97	71.5	72	-2
98	72	74	0
99	74	74.5	-2
100	75.5	76	0
101	76	76.5	0
102	76.5	77.5	0
103	77.5	78	-3
104	78	78.5	3
105	78.5	79	0
106	79	79.5	0
107	79.5	80	-1
108	80	82	0
109	82	82.5	5
110	83.5	84	0
111	84	84.5	0
112	84.5	85.5	0
113	85.5	86	-4
114	86	86.5	4
115	86.5	87	0
116	87	87.5	0
117	87.5	88	-2
118	88	89.5	0
119	89.5	90	-7
120	90	90.5	5
121	90.5	91	2
122	91	91.5	2
123	91.5	92	3
124	92	92.5	0
125	92.5	93	-3
126	93	94	3
127	94	94.5	-7
128	94.5	95.5	3
129	95.5	96	-3
130	96	97	0
131	97	98	-12
132	98	99	5
133	99	99.5	-5
134	99.5	100	5
135	100	100.5	0
136	100.5	101.5	0
137	101.5	102	-5
138	102	103	5
139	103	103.5	-5
140	103.5	104	5
141	104	105.5	0
142	105.5	106	2
143	106	107	2
144	107	107.5	-4
145	107.5	108	4
146	108	108.5	0
147	108.5	109.5	0
148	109.5	110	-4
149	110	111	4
150	111	111.5	-4
151	111.5	112	4
152	112	113.5	0
153	113.5	114	1
154	114	115	2
155	115	115.5	-3
156	115.5	116	3
157	116	116.5	0
158	116.5	117.5	0
159	117.5	118	-3
160	118	119	3
161	119	119.5	-3
162	119.5	120	3
163	120	121.5	0
164	121.5	122	0
165	122	123	5
166	123	123.5	-5
167	123.5	124	3
168	124	124.5	0
169	124.5	125	-1
170	125	126	-1
171	126	126.5	-3
172	126.5	127.5	-1
173	127.5	128	-2
174	128	129	-2
175	129	130	-5
176	130	131	5
177	131	131.5	-5
178	131.5	132	5
179	132	132.5	0
180	132.5	133.5	0
181	133.5	134	-5
182	134	135	5
183	135	135.5	-5
184	135.5	136	5
185	136	137.5	0
186	137.5	138	2
187	138	139	2
188	139	139.5	-4
189	139.5	140	4
190	140	140.5	0
191	140.5	141.5	0
192	141.5	142	-4
193	142	143	4
194	143	143.5	-4
195	143.5	144	4
196	144	145.5	0
197	145.5	146	1
198	146	147	2
199	147	147.5	-3
200	147.5	148	3
201	148	148.5	0
202	148.5	149.5	0
203	149.5	150	-3
204	150	151	3
205	151	151.5	-3
206	151.5	152	3
207	152	153.5	0
208	153.5	154	0
209	154	155	5
210	155	155.5	-5
211	155.5	156	3
212	156	156.5	0
213	156.5	157	-1
214	157	158	-2
215	158	158.5	-2
216	158.5	159.5	-1
217	159.5	160	-2
218	160	161	-2
219	161	162	-5
220	162	163	5
221	163	163.5	-5
222	163.5	164	5
223	164	164.5	0
224	164.5	165.5	0
225	165.5	166	-5
226	166	167	5
227	167	167.5	-5
228	167.5	168	5
229	168	169.5	0
230	169.5	170	2
231	170	171	2
232	171	171.5	-4
233	171.5	172	4
234	172	172.5	0
235	172.5	173.5	0
236	173.5	174	-4
237	174	175	4
238	175	175.5	-4
239	175.5	176	4
240	176	177.5	0
241	177.5	178	1
242	178	179	2
243	179	179.5	-3
244	179.5	180	3
245	180	180.5	0
246	180.5	181.5	0
247	181.5	182	-3
248	182	183	3
249	183	183.5	-3
250	183.5	184	3
251	184	185.5	0
252	185.5	186	0
253	186	187	5
254	187	187.5	-5
255	187.5	188	3
256	188	188.5	0
257	188.5	189	-1
258	189	190	-2
259	190	190.5	-2
260	190.5	191.5	-1
261	191.5	192	-2
262	192	193	-2
263	194	194.5	11
264	195.5	196	0
265	196	196.5	0
266	196.5	197.5	0
267	197.5	198	-4
268	198	198.5	4
269	198.5	199	0
270	199	199.5	0
271	199.5	200	-2
272	200	202	0
273	202	202.5	-2
274	203.5	204	0
275	204	204.5	0
276	204.5	205.5	0
277	205.5	206	-3
278	206	206.5	3
279	206.5	207	0
280	207	207.5	0
281	207.5	208	-1
282	208	210	0
283	210	210.5	5
284	211.5	212	0
285	212	212.5	0
286	212.5	213.5	0
287	213.5	214	-4
288	214	214.5	4
289	214.5	215	0
290	215	215.5	0
291	215.5	216	-2
292	216	217.5	0
293	217.5	218	-7
294	218	218.5	5
295	218.5	219	2
296	219	219.5	2
297	219.5	220	3
298	220	220.5	0
299	220.5	221	-3
300	221	222	3
301	222	222.5	-7
302	222.5	223.5	3
303	223.5	224	-3
304	224	225	0
305	225	226	-12
306	226	227	5
307	227	227.5	-5
308	227.5	228	5
309	228	228.5	0
310	228.5	229.5	0
311	229.5	230	-5
312	230	231	5
313	231	231.5	-5
314	231.5	232	5
315	232	233.5	0
316	233.5	234	2
317	234	235	2
318	235	235.5	-4
319	235.5	236	4
320	236	236.5	0
321	236.5	237.5	0
322	237.5	238	-4
323	238	239	4
324	239	239.5	-4
325	239.5	240	4
326	240	241.5	0
327	241.5	242	1
328	242	243	2
329	243	243.5	-3
330	243.5	244	3
331	244	244.5	0
332	244.5	245.5	0
333	245.5	246	-3
334	246	247	3
335	247	247.5	-3
336	247.5	248	3
337	248	249.5	0
338	249.5	250	0
339	250	251	5
340	251	251.5	-5
341	251.5	252	3
342	252	252.5	0
343	252.5	253	-1
344	253	254	-1
345	254	254.5	1
346	254.5	255.5	5
347	255.5	256	-5
348	256	257	3
349	257	257.5	-1
350	257.5	258	-2
351	258	258.5	0
352	258.5	259	-2
353	259	260	5
354	260	262	0
355	262	264	2
356	264	266	0
357	266	268	2
358	268	270	0
359	270	272	0
360	272	272.5	0
