1	0	0.25	#
2	0.25	0.5	2
3	0.5	1	2
4	1	1.5	0
5	1.5	1.75	-4
6	1.75	2	2
7	2	3	2
8	3	3.25	-4
9	3.25	3.5	2
10	3.5	4	2
11	4	4.25	-2
12	4.25	4.5	2
13	4.5	5	1
14	5	5.5	0
15	5.5	5.75	-3
16	5.75	6	2
17	6	7	1
18	7	7.25	-3
19	7.25	7.5	2
20	7.5	8	1
21	8	8.25	-6
22	8.25	8.5	1
23	8.5	9	2
24	9	10	0
25	10	10.5	0
26	10.5	11	2
27	11	11.5	0
28	11.5	12	-2
29	12	12.25	-2
30	12.25	12.5	2
31	12.5	13	2
32	13	14	0
33	14	14.25	-4
34	14.25	14.5	2
35	14.5	15	2
36	16	16.25	-4
37	16.25	16.5	2
38	16.5	17	2
39	17	18	0
40	18	18.25	-4
41	18.25	18.5	2
42	18.5	19	2
43	19	20	0
44	20.25	20.5	-2
45	20.5	20.75	0
46	20.75	21	2
47	21	21.75	1
48	21.75	22	-3
49	22	22.25	0
50	22.25	22.5	2
51	22.5	23	1
52	23	23.25	-3
53	23.25	23.5	2
54	23.5	24	1
55	24.5	25	-10
56	25	25.25	4
57	25.25	25.5	1
58	25.5	26	2
59	26.25	26.5	2
60	26.5	27	1
61	27	27.5	-1
62	27.5	28	-2
63	28	28.25	-2
64	28.25	28.5	2
65	28.5	29	2
66	29	29.75	0
67	29.75	30	-9
68	30	30.25	5
69	30.25	30.5	2
70	30.5	30.75	2
71	30.75	31	-9
72	31	31.25	5
73	31.25	31.5	2
74	31.5	32	2
75	32.5	32.75	5
76	32.75	33	0
77	33	33.25	0
78	33.25	33.5	0
79	33.5	34	0
80	34	34.25	3
81	34.25	34.75	-1
82	34.75	35	-2
83	35	36	0
84	36	36.25	-2
85	36.25	36.75	-3
86	36.75	37	3
87	37	38	0
88	38	38.5	0
89	38.5	38.75	4
90	38.75	39	-2
91	39	39.5	0
92	39.5	40	-2
93	40.5	40.75	-2
94	40.75	41	2
95	41	41.5	-2
96	41.5	42	-1
97	42	42.25	-2
98	42.25	42.5	2
99	42.5	43	-2
100	43	43.5	0
101	43.5	44	-3
102	44	47	3
103	48	48.5	7
104	48.5	49	0
105	49	49.5	0
106	49.5	49.75	0
107	49.75	50	0
108	50	50.25	3
109	50.25	50.75	-1
110	50.75	51	0
111	51	51.25	0
112	51.25	52	-2
113	52.5	52.75	-2
114	52.75	53	0
115	53	53.5	0
116	53.5	53.75	-3
117	53.75	54	3
118	54	54.5	0
119	54.5	54.75	4
120	54.75	55	-2
121	55	55.25	0
122	55.25	56	-2
123	56.5	56.75	-1
124	56.75	57	1
125	57	57.25	-1
126	57.25	57.5	1
127	57.5	57.75	2
128	57.75	58	-7
129	58	58.25	0
130	58.25	59.5	4
131	59	59.5	-1
132	59.5	60	4
133	60	63	-2
134	63	63.5	0
135	63.5	64	-7
136	64	64.5	9
137	64.5	64.75	2
138	64.75	65	1
139	65	65.5	0
140	65.5	66	2
141	66	67	0
142	67	67.25	-2
143	67.25	67.5	-1
144	67.5	68	-2
145	68	68.25	0
146	68.25	68.75	2
147	68.75	69	1
148	69	69.5	0
149	69.5	70	-1
150	70	71.5	3
151	71.5	71.75	-2
152	71.75	72	-1
153	72	73	-4
154	73	73.75	0
155	73.75	74	0
156	74	74.25	4
157	74.25	74.5	1
158	74.5	75	-3
159	75.75	76	-14
160	76	76.5	12
161	76.5	77	2
162	77	77.5	-4
163	77.5	78	2
164	78	78.5	-3
165	78.5	79	1
166	79	79.5	-3
167	79.5	80	2
168	80	80.5	-4
169	80.5	81	2
170	81	81.5	-3
171	81.5	82	1
172	82	82.5	-3
173	82.5	83	2
174	83	84	-4
175	84	88	0
176	88.5	88.75	14
177	88.75	89	0
178	89	89.25	0
179	89.25	89.5	0
180	89.5	90	0
181	90	90.25	3
182	90.25	90.75	-1
183	90.75	91	-2
184	91	92	0
185	92	92.25	-2
186	92.25	92.75	-3
187	92.75	93	3
188	93	94	0
189	94	94.5	0
190	94.5	94.75	4
191	94.75	95	-2
192	95	95.5	0
193	95.5	96	-2
194	96.5	96.75	-2
195	96.75	97	2
196	97	97.5	-2
197	97.5	98	-1
198	98	98.25	-2
199	98.25	98.5	2
200	98.5	99	-2
201	99	99.5	0
202	99.5	100	-3
203	100	103	3
204	104	104.5	7
205	104.5	105	0
206	105	105.5	0
207	105.5	105.75	0
208	105.75	106	0
209	106	106.25	3
210	106.25	106.75	-1
211	106.75	107	0
212	107	107.25	0
213	107.25	108	-2
214	108.5	108.75	-2
215	108.75	109	0
216	109	109.5	0
217	109.5	109.75	-3
218	109.75	110	3
219	110	110.5	0
220	110.5	110.75	4
221	110.75	111	-2
222	111	111.25	0
223	111.25	112	-2
224	112.5	112.75	-1
225	112.75	113	1
226	113	113.25	-1
227	113.25	113.5	1
228	113.5	113.75	2
229	113.75	114	-7
230	114	114.25	0
231	114.25	115.5	4
232	115	115.5	-1
233	115.5	116	4
234	116	119	-2
235	119	119.5	0
236	119.5	120	-7
237	120	120.5	9
238	120.5	120.75	2
239	120.75	121	1
240	121	121.5	0
241	121.5	122	2
242	122	123	0
243	123	123.25	-2
244	123.25	123.5	-1
245	123.5	124	-2
246	124	124.25	0
247	124.25	124.75	2
248	124.75	125	1
249	125	125.5	0
250	125.5	126	-1
251	126	127.5	3
252	127.5	127.75	-2
253	127.75	128	-1
254	128	129	-4
255	129	129.75	0
256	129.75	130	0
257	130	130.25	4
258	130.25	130.5	1
259	130.5	131	-3
260	131.75	132	-14
261	132	132.5	12
262	132.5	133	2
263	133	133.5	-4
264	133.5	134	2
265	134	134.5	-3
266	134.5	135	1
267	135	135.5	-3
268	135.5	136	2
269	136	136.5	-4
270	136.5	137	2
271	137	137.5	-3
272	137.5	138	1
273	138	138.5	-3
274	138.5	139	2
275	139	140	-4
276	140	144	0
277	146	148	0
278	148	148.25	5
279	148.25	148.5	2
280	148.5	149	2
281	149	149.5	0
282	149.5	150	-9
283	150	150.25	5
284	150.25	150.5	2
285	150.5	151	2
286	151	151.25	-4
287	151.25	151.5	2
288	151.5	152	2
289	152.25	152.5	-7
290	152.5	152.75	5
291	152.75	153	2
292	153	154	1
293	154	154.25	-3
294	154.25	154.5	2
295	154.5	154.75	1
296	154.75	155	-3
297	155	155.25	0
298	155.25	155.5	2
299	155.5	156	1
300	156.5	156.75	-5
301	156.75	157	0
302	157	157.5	2
303	157.5	157.75	0
304	157.75	158	2
305	158	158.5	1
306	158.5	158.75	-1
307	158.75	159	-2
308	159	159.25	0
309	159.25	159.75	-2
310	159.75	160	2
311	160	161.5	2
312	161.5	162	-9
313	162	162.25	5
314	162.25	162.5	2
315	162.5	163	2
316	163	164	0
317	164.5	164.75	5
318	164.75	165	0
319	165	165.25	0
320	165.25	165.5	0
321	165.5	166	0
322	166	166.25	3
323	166.25	166.75	-1
324	166.75	167	-2
325	167	168	0
326	168	168.25	-2
327	168.25	168.75	-3
328	168.75	169	3
329	169	170	0
330	170	170.5	0
331	170.5	170.75	4
332	170.75	171	-2
333	171	171.5	0
334	171.5	172	-2
335	172.5	172.75	-2
336	172.75	173	2
337	173	173.5	-2
338	173.5	174	-1
339	174	174.25	-2
340	174.25	174.5	2
341	174.5	175	-2
342	175	175.5	0
343	175.5	176	-3
344	176	179	3
345	180	180.5	7
346	180.5	181	0
347	181	181.5	0
348	181.5	181.75	0
349	181.75	182	0
350	182	182.25	3
351	182.25	182.75	-1
352	182.75	183	0
353	183	183.25	0
354	183.25	184	-2
355	184.5	184.75	-2
356	184.75	185	0
357	185	185.5	0
358	185.5	185.75	-3
359	185.75	186	3
360	186	186.5	0
361	186.5	186.75	4
362	186.75	187	-2
363	187	187.25	0
364	187.25	188	-2
365	188.5	188.75	-1
366	188.75	189	1
367	189	189.25	-1
368	189.25	189.5	1
369	189.5	189.75	2
370	189.75	190	-7
371	190	190.25	0
372	190.25	191.5	4
373	191	191.5	-1
374	191.5	192	4
375	192	195	-2
376	195	195.5	0
377	195.5	196	-7
378	196	196.5	9
379	196.5	196.75	2
380	196.75	197	1
381	197	197.5	0
382	197.5	198	2
383	198	199	0
384	199	199.25	-2
385	199.25	199.5	-1
386	199.5	200	-2
387	200	200.25	0
388	200.25	200.75	2
389	200.75	201	1
390	201	201.5	0
391	201.5	202	-1
392	202	203.5	3
393	203.5	203.75	-2
394	203.75	204	-1
395	204	205	-4
396	205	205.75	0
397	205.75	206	0
398	206	206.25	4
399	206.25	206.5	1
400	206.5	207	-3
401	207.75	208	-14
402	208	208.5	12
403	208.5	209	2
404	209	209.5	-4
405	209.5	210	2
406	210	210.5	-3
407	210.5	211	1
408	211	211.5	-3
409	211.5	212	2
410	212	212.5	-4
411	212.5	213	2
412	213	213.5	-3
413	213.5	214	1
414	214	214.5	-3
415	214.5	215	2
416	215	216	-4
417	216	220	0
418	222	224	0
419	224	224.25	5
420	224.25	224.5	2
421	224.5	225	2
422	225	225.5	0
423	225.5	226	-9
424	226	226.25	5
425	226.25	226.5	2
426	226.5	227	2
427	227	227.25	-4
428	227.25	227.5	2
429	227.5	228	2
430	228.25	228.5	-7
431	228.5	228.75	5
432	228.75	229	2
433	229	230	1
434	230	230.25	-3
435	230.25	230.5	2
436	230.5	230.75	1
437	230.75	231	-3
438	231	231.25	0
439	231.25	231.5	2
440	231.5	232	1
441	232.5	232.75	-5
442	232.75	233	0
443	233	233.5	2
444	233.5	233.75	0
445	233.75	234	2
446	234	234.5	1
447	234.5	234.75	-1
448	234.75	235	-2
449	235	235.25	0
450	235.25	235.75	-2
451	235.75	236	2
452	236	237.5	2
453	237.5	238	-9
454	238	238.25	5
455	238.25	238.5	2
456	238.5	239	2
457	239	240.75	0
458	240.5	240.75	2
459	240.75	241	1
460	241	241.25	-1
461	241.25	241.5	1
462	241.5	241.75	2
463	241.75	242	-7
464	242	242.25	0
465	242.25	243	4
466	243	243.5	-1
467	243.5	244	4
468	244	248.75	-2
469	248.5	248.75	-1
470	248.75	249	1
471	249	249.25	-1
472	249.25	249.5	1
473	249.5	249.75	2
474	249.75	250	-7
475	250	250.25	0
476	250.25	251	4
477	251	251.5	-1
478	251.5	252	4
479	252	255	-2
