#	Title	Little Arrows
#	Title	Albert Hammond, Mike Hazlewood - Little Arrows.xml
1	2	3	4	3
2	3	3.5	5	3
3	3.5	4	7	3
4	4	5	7	3
5	5.5	6	7	3
6	6	6.5	9	3
7	6.5	7.5	11	3
8	7.5	8	0	4
9	8	9	0	4
10	10	11	0	4
11	11	12	2	4
12	12	13	5	4
13	13	14	4	4
14	14	15	2	4
15	15	15.5	0	4
16	15.5	16	2	4
17	16	17	2	4
18	18	19	11	3
19	19	20	0	4
20	20	21	2	4
21	21	22	2	4
22	22	22.5	2	4
23	22.5	23.5	0	4
24	23.5	24	0	4
25	24	24.5	0	4
26	24.5	26	11	3
27	26	27	11	3
28	27	28	9	3
29	28	29	7	3
30	29	29.5	9	3
31	29.5	30	7	3
32	30	31	7	3
33	31	32	4	3
34	32	33	4	3
35	34	34.5	4	3
36	34.5	35.5	5	3
37	35.5	36	7	3
38	36	37	7	3
39	37.5	38	7	3
40	38	38.5	9	3
41	38.5	39.5	11	3
42	39.5	40	0	4
43	40	41	0	4
44	41.5	42	0	4
45	42	43	0	4
46	43	44	2	4
47	44	45	5	4
48	45	46	4	4
49	46	47	2	4
50	47	48	0	4
51	48	49	2	4
52	50	51	11	3
53	51	52	0	4
54	52	52.5	2	4
55	52.5	53.5	2	4
56	53.5	54.5	2	4
57	54.5	55.5	0	4
58	55.5	56	0	4
59	56	56.5	0	4
60	56.5	58	11	3
61	58	59	11	3
62	59	60	9	3
63	60	61	7	3
64	61	62	7	3
65	62	62.5	9	3
66	62.5	64	11	3
67	64	65	0	4
68	66	67	4	3
69	67	68	7	3
70	68	70	0	4
71	70	71	4	3
72	71	72	7	3
73	72	74	0	4
74	74	74.5	4	4
75	74.5	76	4	4
76	76	80	0	4
77	82	83	4	3
78	83	84	7	3
79	84	86	2	4
80	86	87	5	3
81	87	88	9	3
82	88	90	2	4
83	90	91	6	4
84	91	92	6	4
85	92	95	2	4
86	97	98	2	4
87	98	99	2	4
88	99	99.5	0	5
89	99.5	100	0	5
90	100	100.5	0	5
91	100.5	101.5	11	4
92	101.5	102	9	4
93	102	103	11	4
94	106	106.5	2	4
95	107	107.5	0	5
96	107.5	108	0	5
97	108	108.5	0	5
98	108.5	109.5	11	4
99	109.5	110	9	4
100	110	111	11	4
101	114	115	7	4
102	115	116	7	4
103	116	117	7	4
104	117	118	4	4
105	118	119	4	4
106	119	120	4	4
107	120	121	4	4
108	121	122	0	4
109	122	123	0	4
110	123	124	0	4
111	124	125	0	4
112	125	126	9	3
113	126	127	5	3
114	127	127.5	7	3
115	127.5	128	9	3
116	128	131	9	3
117	131	132	5	4
118	132	133	5	4
119	133	134	2	4
120	134	135	2	4
121	135	136	2	4
122	136	137	2	4
123	137	138	11	3
124	138	138.5	11	3
125	138.5	140	11	3
126	140	141	9	3
127	141	142	7	3
128	142	143	7	3
129	143	143.5	7	3
130	143.5	144	7	3
131	144	145	7	3
132	146	147	7	4
133	147	148	7	4
134	148	149	7	4
135	149	150	4	4
136	150	151	4	4
137	151	152	4	4
138	152	153	4	4
139	153	154	0	4
140	154	155.5	0	4
141	155.5	156	0	4
142	156	157	0	4
143	157	158	9	3
144	158	159	5	3
145	159	159.5	7	3
146	159.5	160	9	3
147	160	161	9	3
148	162	163	5	4
149	163	164	5	4
150	164	165	5	4
151	165	166	2	4
152	166	167	2	4
153	167	167.5	2	4
154	167.5	168	2	4
155	168	169	2	4
156	169	170	11	3
157	170	170.5	11	3
158	170.5	172	9	3
159	172	173	7	3
160	173	174	5	4
161	174	175	4	4
162	175	176	2	4
163	176	177	0	4
164	180	181	7	3
165	181	182	5	3
166	182	183	2	3
167	183	184	11	2
168	184	185	7	2
169	186	186.5	4	3
170	186.5	187.5	5	3
171	187.5	188	9	3
172	188	189	7	3
173	189.5	190	7	3
174	190	190.5	9	3
175	190.5	191.5	11	3
176	191.5	192	0	4
177	192	193	0	4
178	194	195	0	4
179	195	196	2	4
180	196	197	5	4
181	197	198	4	4
182	198	199	2	4
183	199	199.5	0	4
184	199.5	200	2	4
185	200	201	2	4
186	202	203	11	3
187	203	204	0	4
188	204	205	2	4
189	205	206	2	4
190	206	206.5	2	4
191	206.5	207.5	0	4
192	207.5	208	0	4
193	208	208.5	0	4
194	208.5	210	11	3
195	210	211	11	3
196	211	212	9	3
197	212	213	7	3
198	213	213.5	9	3
199	213.5	214	7	3
200	214	215	7	3
201	215	216	4	3
202	216	217	4	3
203	218	218.5	4	3
204	218.5	219.5	5	3
205	219.5	220	7	3
206	220	221	7	3
207	221.5	222	7	3
208	222	222.5	9	3
209	222.5	223.5	11	3
210	223.5	224	0	4
211	224	225	0	4
212	225.5	226	0	4
213	226	227	0	4
214	227	228	2	4
215	228	229	5	4
216	229	230	4	4
217	230	231	2	4
218	231	232	0	4
219	232	233	2	4
220	234	235	11	3
221	235	236	0	4
222	236	236.5	2	4
223	236.5	237.5	2	4
224	237.5	238.5	2	4
225	238.5	239.5	0	4
226	239.5	240	0	4
227	240	240.5	0	4
228	240.5	242	11	3
229	242	243	11	3
230	243	244	9	3
231	244	245	7	3
232	245	246	7	3
233	246	246.5	9	3
234	246.5	248	11	3
235	248	249	0	4
236	250	251	4	3
237	251	252	7	3
238	252	254	0	4
239	254	255	4	3
240	255	256	7	3
241	256	258	0	4
242	258	258.5	4	4
243	258.5	260	4	4
244	260	264	0	4
245	266	267	4	3
246	267	268	7	3
247	268	270	2	4
248	270	271	5	3
249	271	272	9	3
250	272	274	2	4
251	274	275	6	4
252	275	276	6	4
253	276	279	2	4
254	281	282	2	4
255	282	283	2	4
256	283	283.5	0	5
257	283.5	284	0	5
258	284	284.5	0	5
259	284.5	285.5	11	4
260	285.5	286	9	4
261	286	287	11	4
262	290	290.5	2	4
263	291	291.5	0	5
264	291.5	292	0	5
265	292	292.5	0	5
266	292.5	293.5	11	4
267	293.5	294	9	4
268	294	295	11	4
269	298	299	7	4
270	299	300	7	4
271	300	301	7	4
272	301	302	4	4
273	302	303	4	4
274	303	304	4	4
275	304	305	4	4
276	305	306	0	4
277	306	307	0	4
278	307	308	0	4
279	308	309	0	4
280	309	310	9	3
281	310	311	5	3
282	311	311.5	7	3
283	311.5	312	9	3
284	312	315	9	3
285	315	316	5	4
286	316	317	5	4
287	317	318	2	4
288	318	319	2	4
289	319	320	2	4
290	320	321	2	4
291	321	322	11	3
292	322	322.5	11	3
293	322.5	324	11	3
294	324	325	9	3
295	325	326	7	3
296	326	327	7	3
297	327	327.5	7	3
298	327.5	328	7	3
299	328	329	7	3
300	330	331	7	4
301	331	332	7	4
302	332	333	7	4
303	333	334	4	4
304	334	335	4	4
305	335	336	4	4
306	336	337	4	4
307	337	338	0	4
308	338	339.5	0	4
309	339.5	340	0	4
310	340	341	0	4
311	341	342	9	3
312	342	343	5	3
313	343	343.5	7	3
314	343.5	344	9	3
315	344	345	9	3
316	346	347	5	4
317	347	348	5	4
318	348	349	5	4
319	349	350	2	4
320	350	351	2	4
321	351	351.5	2	4
322	351.5	352	2	4
323	352	353	2	4
324	353	354	11	3
325	354	354.5	11	3
326	354.5	356	9	3
327	356	357	7	3
328	357	358	5	4
329	358	359	4	4
330	359	360	2	4
331	360	361	0	4
332	362	363	4	3
333	363	364	7	3
334	364	367	0	4
335	367	368	9	3
336	368	370	7	3
337	370	372	7	3
338	372	374	9	3
339	374	376	11	3
340	376	380	0	4
341	380	383	0	4
