#	Title	Mi Casa, Su Casa
#	Title	Dick Manning, Al Hoffman - Mi Casa, Su Casa.xml
1	0	1	7	4
2	1	2	4	4
3	2	3	4	4
4	3	4	7	4
5	4	5	4	4
6	5	6	4	4
7	6	7	0	5
8	7	8.5	0	5
9	8.5	9	11	4
10	9	9.33333	11	4
11	9.33333	9.66667	0	5
12	9.66667	10	11	4
13	10	12	9	4
14	12	13	11	4
15	13	14.5	11	4
16	14.5	15	0	5
17	15	16	2	5
18	16	17.5	11	4
19	17.5	18	9	4
20	18	18.3333	9	4
21	18.3333	18.6667	11	4
22	18.6667	19	9	4
23	19	21	7	4
24	21	22	7	4
25	24	25	7	4
26	25	26	4	4
27	26	27	4	4
28	27	28	7	4
29	28	29	4	4
30	29	30	4	4
31	30	31	0	5
32	31	32.5	0	5
33	32.5	33	11	4
34	33	33.3333	11	4
35	33.3333	33.6667	0	5
36	33.6667	34	11	4
37	34	36	9	4
38	36	37	11	4
39	37	38	11	4
40	38	39	0	5
41	39	40	2	5
42	40	41	0	5
43	41	42	11	4
44	42	42.3333	2	5
45	42.3333	42.6667	4	5
46	42.6667	43	2	5
47	43	45	0	5
48	45	47	0	5
49	47	48	0	4
50	48	49.5	0	5
51	49.5	50	11	4
52	50	50.5	0	5
53	50.5	51	2	5
54	51	53	0	5
55	53	54	9	4
56	54	55.5	7	4
57	55.5	56	6	4
58	56	56.5	7	4
59	56.5	57	9	4
60	57	59	7	4
61	59	59.5	6	4
62	59.5	60	7	4
63	60	61	11	4
64	61	62	9	4
65	62	63	7	4
66	63	63.3333	5	4
67	63.3333	63.6667	7	4
68	63.6667	64	5	4
69	64	65	4	4
70	65	66	5	4
71	66	67	9	4
72	67	69	7	4
73	69	71	7	4
74	71	72	0	4
75	72	73.5	0	5
76	73.5	74	11	4
77	74	74.5	0	5
78	74.5	75	2	5
79	75	77	0	5
80	77	78	9	4
81	78	79.5	7	4
82	79.5	80	6	4
83	80	80.5	7	4
84	80.5	81	9	4
85	81	84	7	4
86	84	85	9	4
87	85	86	9	4
88	86	87	9	4
89	87	88	9	4
90	88	89	11	4
91	89	90	0	5
92	90	93	2	5
93	93	95	2	5
94	96	97	7	4
95	97	98	4	4
96	98	99	4	4
97	99	100	7	4
98	100	101	4	4
99	101	102	4	4
100	102	103	0	5
101	103	104.5	0	5
102	104.5	105	11	4
103	105	105.333	11	4
104	105.333	105.667	0	5
105	105.667	106	11	4
106	106	108	9	4
107	108	109	11	4
108	109	110.5	11	4
109	110.5	111	0	5
110	111	112	2	5
111	112	113.5	11	4
112	113.5	114	9	4
113	114	114.333	9	4
114	114.333	114.667	11	4
115	114.667	115	9	4
116	115	117	7	4
117	117	118	7	4
118	120	121	7	4
119	121	122	4	4
120	122	123	4	4
121	123	124	7	4
122	124	125	4	4
123	125	126	4	4
124	126	127	0	5
125	127	128.5	0	5
126	128.5	129	11	4
127	129	129.333	11	4
128	129.333	129.667	0	5
129	129.667	130	11	4
130	130	132	9	4
131	132	133	11	4
132	133	134	11	4
133	134	135	0	5
134	135	136	2	5
135	136	137	0	5
136	137	138	11	4
137	138	138.333	2	5
138	138.333	138.667	4	5
139	138.667	139	2	5
140	139	141	0	5
141	141	143	0	5
