#	Title	Solfeggi cantati prima serie ( moto congiunto e maggiore)
#	Title	Alberto Marafioti - Solfeggi cantati prima serie ( moto congiunto e maggiore).xml
1	0	1	0	4
2	1	2	2	4
3	2	3	4	4
4	3	4	2	4
5	4	8	0	4
6	8	9	2	4
7	9	10	4	4
8	10	11	5	4
9	11	12	4	4
10	12	16	2	4
11	16	17	4	4
12	17	18	5	4
13	18	19	7	4
14	19	20	5	4
15	20	24	4	4
16	24	25	2	4
17	25	26	4	4
18	26	27	5	4
19	27	28	4	4
20	28	32	2	4
21	32	33	0	4
22	33	34	2	4
23	34	35	4	4
24	35	36	2	4
25	36	40	0	4
26	40	44	2	4
27	44	48	0	4
28	48	49	0	4
29	49	50	2	4
30	50	51	4	4
31	51	52	4	4
32	52	53	2	4
33	53	54	0	4
34	54	55	2	4
35	55	56	4	4
36	56	57	5	4
37	57	58	5	4
38	58	59	4	4
39	59	60	2	4
40	60	61	4	4
41	61	62	5	4
42	62	63	7	4
43	63	64	7	4
44	64	65	5	4
45	65	66	4	4
46	66	67	2	4
47	67	68	4	4
48	68	69	5	4
49	69	70	5	4
50	70	71	4	4
51	71	72	2	4
52	72	73	0	4
53	73	74	2	4
54	74	75	4	4
55	75	76	2	4
56	76	77	4	4
57	77	78	5	4
58	78	79	4	4
59	79	80	5	4
60	80	81	7	4
61	81	82	5	4
62	82	83	7	4
63	83	84	5	4
64	84	85	4	4
65	85	86	5	4
66	86	87	4	4
67	87	88	2	4
68	88	89	4	4
69	89	90	2	4
70	90	93	0	4
71	93	95	0	4
72	95	97	2	4
73	97	99	4	4
74	99	101	4	4
75	101	103	2	4
76	103	105	0	4
77	105	107	2	4
78	107	109	4	4
79	109	111	5	4
80	111	113	5	4
81	113	115	4	4
82	115	117	2	4
83	117	119	4	4
84	119	121	5	4
85	121	123	7	4
86	123	125	7	4
87	125	127	5	4
88	127	129	4	4
89	129	131	2	4
90	131	133	4	4
91	133	135	2	4
92	135	137	0	4
93	137	138	0	4
94	138	139	2	4
95	139	140	4	4
96	140	141	5	4
97	141	143	4	4
98	143	145	2	4
99	145	149	0	4
100	149	150	2	4
101	150	151	4	4
102	151	152	5	4
103	152	153	7	4
104	153	155	5	4
105	155	157	4	4
106	157	161	2	4
107	161	162	0	4
108	162	163	2	4
109	163	164	4	4
110	164	165	5	4
111	165	166	4	4
112	166	167	4	4
113	167	168	2	4
114	168	169	2	4
115	169	171	4	4
116	171	173	5	4
117	173	175	4	4
118	175	177	2	4
119	177	179	4	4
120	179	181	5	4
121	181	183	4	4
122	183	185	2	4
123	185	189	0	4
124	189	190	0	4
125	190	191	0	4
126	191	192	2	4
127	192	193	2	4
128	193	194	4	4
129	194	195	4	4
130	195	197	5	4
131	197	198	7	4
132	198	199	7	4
133	199	200	5	4
134	200	201	5	4
135	201	203	4	4
136	203	204	2	4
137	204	205	0	4
138	205	206	0	4
139	206	207	2	4
140	207	208	2	4
141	208	209	4	4
142	209	210	4	4
143	210	212	5	4
144	212	213	4	4
145	213	214	4	4
146	214	215	2	4
147	215	216	2	4
148	216	219	0	4
149	219	222	2	4
150	222	225	0	4
151	225	227	0	4
152	227	229	2	4
153	229	231	0	4
154	231	233	2	4
155	233	235	4	4
156	235	237	2	4
157	237	239	4	4
158	239	241	5	4
159	241	243	4	4
160	243	245	5	4
161	245	247	7	4
162	247	249	5	4
163	249	251	4	4
164	251	253	5	4
165	253	255	4	4
166	255	257	2	4
167	257	259	4	4
168	259	261	2	4
169	261	263	0	4
170	263	265	2	4
171	265	267	0	4
172	267	268	10	3
173	268	269	2	4
174	269	270	4	4
175	270	271	2	4
176	271	273	0	4
177	273	275	0	4
178	275	276	2	4
179	276	277	4	4
180	277	278	5	4
181	278	279	4	4
182	279	281	2	4
183	281	283	2	4
184	283	284	4	4
185	284	285	5	4
186	285	286	7	4
187	286	287	5	4
188	287	289	4	4
189	289	291	4	4
190	291	292	2	4
191	292	293	4	4
192	293	294	5	4
193	294	295	7	4
194	295	297	5	4
195	297	299	5	4
196	299	300	4	4
197	300	301	5	4
198	301	302	7	4
199	302	303	5	4
200	303	305	7	4
201	305	307	5	4
202	307	309	4	4
203	309	311	2	4
204	311	313	0	4
205	313	315	2	4
206	315	319	0	4
207	319	320	0	4
208	320	321	2	4
209	321	322	0	4
210	322	323	2	4
211	323	324	4	4
212	324	325	2	4
213	325	326	4	4
214	326	327	5	4
215	327	328	4	4
216	328	329	5	4
217	329	330	7	4
218	330	331	5	4
219	331	332	4	4
220	332	333	2	4
221	333	334	4	4
222	334	335	5	4
223	335	336	7	4
224	336	337	5	4
225	337	338	4	4
226	338	339	5	4
227	339	340	4	4
228	340	341	2	4
229	341	342	4	4
230	342	343	2	4
231	343	344	0	4
232	344	345	2	4
233	345	346	0	4
234	346	347	2	4
235	347	348	4	4
236	348	349	5	4
237	349	350	7	4
238	350	351	5	4
239	351	352	4	4
240	352	353	5	4
241	353	354	4	4
242	354	355	2	4
243	355	357	0	4
244	357	358	2	4
245	358	361	0	4
246	361	363	0	4
247	363	365	2	4
248	365	367	4	4
249	367	369	5	4
250	369	371	4	4
251	371	373	5	4
252	373	375	7	4
253	375	377	5	4
254	377	379	7	4
255	379	381	5	4
256	381	383	4	4
257	383	385	2	4
258	385	387	0	4
259	387	389	2	4
260	389	391	0	4
261	391	393	2	4
262	393	395	4	4
263	395	397	5	4
264	397	399	4	4
265	399	401	2	4
266	401	403	0	4
267	403	404	8	3
268	404	405	2	4
269	405	406	4	4
270	406	407	2	4
271	407	409	0	4
272	409	411	0	4
273	411	412	2	4
274	412	413	4	4
275	413	414	2	4
276	414	415	0	4
277	415	417	2	4
278	417	419	2	4
279	419	420	0	4
280	420	421	2	4
281	421	422	4	4
282	422	423	5	4
283	423	425	4	4
284	425	427	4	4
285	427	428	5	4
286	428	429	7	4
287	429	430	5	4
288	430	431	4	4
289	431	433	2	4
290	433	435	2	4
291	435	436	0	4
292	436	437	2	4
293	437	438	0	4
294	438	439	2	4
295	439	441	4	4
296	441	443	4	4
297	443	445	2	4
298	445	447	4	4
299	447	449	5	4
300	449	451	7	4
301	451	452	4	4
302	452	453	2	4
303	453	455	0	4
304	455	456	0	4
305	456	457	2	4
306	457	458	4	4
307	458	459	2	4
308	459	460	0	4
309	460	461	2	4
310	461	462	0	4
311	462	463	0	4
312	463	464	2	4
313	464	465	4	4
314	465	466	5	4
315	466	467	4	4
316	467	468	2	4
317	468	469	4	4
318	469	470	2	4
319	470	471	2	4
320	471	472	4	4
321	472	473	5	4
322	473	474	7	4
323	474	475	5	4
324	475	476	4	4
325	476	477	5	4
326	477	478	4	4
327	478	479	4	4
328	479	480	5	4
329	480	481	7	4
330	481	482	5	4
331	482	483	4	4
332	483	484	2	4
333	484	485	0	4
334	485	486	2	4
335	486	487	4	4
336	487	488	2	4
337	488	491	4	4
338	491	494	2	4
339	494	497	0	4
340	497	499	0	4
341	499	501	2	4
342	501	503	0	4
343	503	505	0	4
344	505	507	2	4
345	507	509	4	4
346	509	511	2	4
347	511	513	2	4
348	513	515	4	4
349	515	517	5	4
350	517	519	4	4
351	519	521	4	4
352	521	523	5	4
353	523	525	7	4
354	525	527	5	4
355	527	529	5	4
356	529	531	7	4
357	531	533	5	4
358	533	535	4	4
359	535	537	4	4
360	537	539	2	4
361	539	541	4	4
362	541	543	2	4
363	543	545	2	4
364	545	547	0	4
365	547	549	2	4
366	549	551	0	4
367	551	553	0	4
368	553	554	7	3
369	554	555	0	4
370	555	556	2	4
371	556	557	2	4
372	557	558	0	4
373	558	559	0	4
374	559	561	2	4
375	561	562	4	4
376	562	563	4	4
377	563	564	5	4
378	564	565	5	4
379	565	566	4	4
380	566	567	4	4
381	567	569	5	4
382	569	570	5	4
383	570	571	5	4
384	571	572	7	4
385	572	573	7	4
386	573	574	5	4
387	574	575	5	4
388	575	577	7	4
389	577	578	5	4
390	578	579	5	4
391	579	580	4	4
392	580	581	4	4
393	581	582	2	4
394	582	583	2	4
395	583	585	0	4
396	585	586	0	4
397	586	587	0	4
398	587	588	2	4
399	588	589	2	4
400	589	590	0	4
401	590	591	0	4
402	591	593	2	4
403	593	594	4	4
404	594	595	4	4
405	595	596	5	4
406	596	597	5	4
407	597	598	4	4
408	598	599	4	4
409	599	601	5	4
410	601	602	5	4
411	602	603	5	4
412	603	604	4	4
413	604	605	4	4
414	605	606	5	4
415	606	607	5	4
416	607	609	7	4
417	609	610	5	4
418	610	611	5	4
419	611	612	4	4
420	612	613	4	4
421	613	614	2	4
422	614	615	2	4
423	615	617	4	4
424	617	618	5	4
425	618	619	5	4
426	619	620	4	4
427	620	621	4	4
428	621	622	2	4
429	622	623	2	4
430	623	625	0	4
431	625	626	0	4
432	626	627	2	4
433	627	628	4	4
434	628	629	4	4
435	629	630	2	4
436	630	631	2	4
437	631	633	0	4
438	633	634	2	4
439	634	635	4	4
440	635	636	5	4
441	636	637	5	4
442	637	638	4	4
443	638	639	4	4
444	639	640	2	4
445	640	641	2	4
446	641	642	4	4
447	642	643	5	4
448	643	644	7	4
449	644	645	7	4
450	645	646	5	4
451	646	647	5	4
452	647	649	4	4
453	649	650	2	4
454	650	651	4	4
455	651	652	5	4
456	652	653	5	4
457	653	654	4	4
458	654	655	4	4
459	655	657	2	4
460	657	658	0	4
461	658	659	0	4
462	659	660	0	4
463	660	661	2	4
464	661	662	4	4
465	662	663	4	4
466	663	664	2	4
467	664	665	2	4
468	665	667	0	4
469	667	668	2	4
470	668	669	4	4
471	669	670	5	4
472	670	671	7	4
473	671	672	5	4
474	672	673	4	4
475	673	674	2	4
476	674	675	4	4
477	675	676	2	4
478	676	679	0	4
479	679	682	2	4
480	682	685	0	4
481	685	686	0	4
482	686	687	0	4
483	687	688	2	4
484	688	689	2	4
485	689	690	0	4
486	690	691	0	4
487	691	693	2	4
488	693	694	4	4
489	694	695	4	4
490	695	696	5	4
491	696	697	5	4
492	697	698	4	4
493	698	699	4	4
494	699	701	5	4
495	701	702	5	4
496	702	703	5	4
497	703	704	7	4
498	704	705	7	4
499	705	706	5	4
500	706	707	5	4
501	707	709	7	4
502	709	710	5	4
503	710	711	5	4
504	711	712	4	4
505	712	713	4	4
506	713	714	2	4
507	714	715	2	4
508	715	717	0	4
509	717	718	0	4
510	718	719	0	4
511	719	720	2	4
512	720	721	2	4
513	721	722	0	4
514	722	723	0	4
515	723	725	2	4
516	725	726	4	4
517	726	727	4	4
518	727	728	5	4
519	728	729	5	4
520	729	730	4	4
521	730	731	4	4
522	731	733	5	4
523	733	734	5	4
524	734	735	5	4
525	735	736	7	4
526	736	737	7	4
527	737	738	5	4
528	738	739	5	4
529	739	741	4	4
530	741	743	2	4
531	743	745	2	4
532	745	747	0	4
533	747	749	2	4
534	749	751	4	4
535	751	753	2	4
536	753	755	0	4
537	755	756	5	3
538	756	757	0	4
539	757	758	2	4
540	758	759	2	4
541	759	760	4	4
542	760	761	4	4
543	761	763	2	4
544	763	764	0	4
545	764	765	0	4
546	765	766	2	4
547	766	767	2	4
548	767	768	4	4
549	768	769	4	4
550	769	771	5	4
551	771	772	4	4
552	772	773	4	4
553	773	774	2	4
554	774	775	2	4
555	775	776	0	4
556	776	777	0	4
557	777	779	2	4
558	779	780	4	4
559	780	781	4	4
560	781	782	5	4
561	782	783	5	4
562	783	784	7	4
563	784	785	7	4
564	785	787	5	4
565	787	788	4	4
566	788	789	4	4
567	789	790	2	4
568	790	791	2	4
569	791	792	0	4
570	792	793	0	4
571	793	795	0	4
572	795	796	0	4
573	796	797	0	4
574	797	798	2	4
575	798	799	2	4
576	799	800	4	4
577	800	801	4	4
578	801	803	2	4
579	803	804	0	4
580	804	805	0	4
581	805	806	2	4
582	806	807	2	4
583	807	808	4	4
584	808	809	4	4
585	809	811	5	4
586	811	812	4	4
587	812	813	4	4
588	813	814	2	4
589	814	815	2	4
590	815	816	0	4
591	816	817	0	4
592	817	819	2	4
593	819	820	4	4
594	820	821	5	4
595	821	822	4	4
596	822	823	4	4
597	823	824	2	4
598	824	825	2	4
599	825	827	0	4
600	827	828	0	4
601	828	829	0	4
602	829	830	2	4
603	830	831	0	4
604	831	832	0	4
605	832	833	2	4
606	833	834	4	4
607	834	835	4	4
608	835	836	5	4
609	836	837	4	4
610	837	838	4	4
611	838	839	5	4
612	839	840	5	4
613	840	841	5	4
614	841	842	7	4
615	842	843	5	4
616	843	844	5	4
617	844	845	7	4
618	845	846	5	4
619	846	847	5	4
620	847	848	4	4
621	848	849	4	4
622	849	850	4	4
623	850	851	2	4
624	851	852	2	4
625	852	853	2	4
626	853	854	0	4
627	854	855	0	4
628	855	856	2	4
629	856	857	0	4
630	857	860	0	4
631	860	863	2	4
632	863	866	0	4
633	866	867	0	4
634	867	868	0	4
635	868	869	2	4
636	869	870	0	4
637	870	871	0	4
638	871	872	2	4
639	872	873	4	4
640	873	874	4	4
641	874	875	5	4
642	875	876	5	4
643	876	877	7	4
644	877	878	5	4
645	878	879	5	4
646	879	880	4	4
647	880	881	2	4
648	881	882	2	4
649	882	883	4	4
650	883	884	2	4
651	884	887	0	4
652	887	889	0	4
653	889	891	2	4
654	891	893	0	4
655	893	895	2	4
656	895	897	4	4
657	897	899	2	4
658	899	901	4	4
659	901	903	5	4
660	903	905	4	4
661	905	907	5	4
662	907	909	7	4
663	909	911	5	4
664	911	913	4	4
665	913	915	5	4
666	915	917	4	4
667	917	919	2	4
668	919	921	4	4
669	921	923	2	4
670	923	925	0	4
671	925	927	2	4
672	927	929	0	4
673	929	930	3	3
674	930	931	2	4
675	931	932	4	4
676	932	933	4	4
677	933	934	4	4
678	934	935	5	4
679	935	937	4	4
680	937	938	2	4
681	938	939	2	4
682	939	940	0	4
683	940	941	0	4
684	941	942	2	4
685	942	943	4	4
686	943	945	5	4
687	945	946	7	4
688	946	947	7	4
689	947	948	5	4
690	948	949	5	4
691	949	950	4	4
692	950	951	4	4
693	951	952	2	4
694	952	953	0	4
695	953	954	2	4
696	954	955	0	4
697	955	956	2	4
698	956	957	4	4
699	957	958	5	4
700	958	959	7	4
701	959	960	5	4
702	960	961	4	4
703	961	962	2	4
704	962	963	4	4
705	963	964	2	4
706	964	965	0	4
707	965	967	0	4
708	967	969	2	4
709	969	971	4	4
710	971	973	4	4
711	973	975	4	4
712	975	977	5	4
713	977	981	4	4
714	981	983	2	4
715	983	985	2	4
716	985	987	0	4
717	987	989	0	4
718	989	991	2	4
719	991	993	4	4
720	993	997	5	4
721	997	999	7	4
722	999	1001	7	4
723	1001	1003	5	4
724	1003	1005	5	4
725	1005	1007	4	4
726	1007	1009	2	4
727	1009	1013	0	4
728	1013	1014	4	4
729	1014	1015	5	4
730	1015	1016	4	4
731	1016	1017	4	4
732	1017	1018	2	4
733	1018	1019	2	4
734	1019	1021	0	4
735	1021	1022	2	4
736	1022	1023	4	4
737	1023	1024	5	4
738	1024	1025	5	4
739	1025	1026	4	4
740	1026	1027	4	4
741	1027	1028	2	4
742	1028	1029	4	4
743	1029	1030	5	4
744	1030	1031	7	4
745	1031	1032	7	4
746	1032	1033	5	4
747	1033	1034	5	4
748	1034	1036	4	4
749	1036	1037	5	4
750	1037	1039	4	4
751	1039	1040	2	4
752	1040	1042	0	4
753	1042	1043	2	4
754	1043	1044	4	4
755	1044	1045	5	4
756	1045	1046	4	4
757	1046	1047	4	4
758	1047	1048	2	4
759	1048	1049	2	4
760	1049	1051	0	4
761	1051	1052	2	4
762	1052	1053	4	4
763	1053	1054	5	4
764	1054	1055	5	4
765	1055	1056	4	4
766	1056	1057	4	4
767	1057	1058	2	4
768	1058	1059	4	4
769	1059	1060	5	4
770	1060	1061	7	4
771	1061	1062	7	4
772	1062	1063	5	4
773	1063	1064	5	4
774	1064	1066	4	4
775	1066	1067	5	4
776	1067	1069	4	4
777	1069	1070	2	4
778	1070	1073	0	4
779	1073	1075	0	4
780	1075	1077	2	4
781	1077	1079	0	4
782	1079	1081	2	4
783	1081	1083	4	4
784	1083	1085	4	4
785	1085	1087	2	4
786	1087	1089	0	4
787	1089	1091	2	4
788	1091	1093	4	4
789	1093	1095	2	4
790	1095	1097	2	4
791	1097	1099	0	4
792	1099	1100	0	4
793	1100	1101	2	4
794	1101	1102	0	4
795	1102	1103	2	4
796	1103	1104	0	4
797	1104	1105	2	4
798	1105	1106	4	4
799	1106	1107	2	4
800	1107	1108	2	4
801	1108	1109	0	4
802	1109	1110	0	4
803	1110	1111	2	4
804	1111	1112	0	4
805	1112	1113	0	4
806	1113	1115	0	4
807	1115	1116	1	3
808	1116	1117	0	4
809	1117	1118	2	4
810	1118	1119	4	4
811	1119	1120	4	4
812	1120	1121	2	4
813	1121	1122	0	4
814	1122	1123	0	4
815	1123	1124	2	4
816	1124	1125	4	4
817	1125	1126	5	4
818	1126	1127	5	4
819	1127	1128	5	4
820	1128	1129	4	4
821	1129	1131	2	4
822	1131	1132	4	4
823	1132	1133	5	4
824	1133	1134	7	4
825	1134	1135	7	4
826	1135	1136	7	4
827	1136	1137	5	4
828	1137	1138	4	4
829	1138	1139	2	4
830	1139	1140	4	4
831	1140	1141	5	4
832	1141	1142	7	4
833	1142	1143	7	4
834	1143	1145	5	4
835	1145	1147	4	4
836	1147	1149	2	4
837	1149	1150	0	4
838	1150	1151	0	4
839	1151	1152	2	4
840	1152	1153	4	4
841	1153	1155	2	4
842	1155	1159	0	4
843	1159	1160	4	4
844	1160	1161	2	4
845	1161	1162	0	4
846	1162	1163	0	4
847	1163	1164	2	4
848	1164	1165	4	4
849	1165	1166	5	4
850	1166	1167	4	4
851	1167	1168	2	4
852	1168	1169	2	4
853	1169	1170	4	4
854	1170	1171	5	4
855	1171	1173	7	4
856	1173	1174	5	4
857	1174	1176	4	4
858	1176	1177	2	4
859	1177	1180	0	4
860	1180	1181	2	4
861	1181	1182	0	4
862	1182	1183	2	4
863	1183	1184	4	4
864	1184	1185	5	4
865	1185	1186	4	4
866	1186	1187	5	4
867	1187	1188	7	4
868	1188	1189	5	4
869	1189	1190	4	4
870	1190	1191	5	4
871	1191	1192	4	4
872	1192	1193	2	4
873	1193	1194	4	4
874	1194	1195	2	4
875	1195	1197	0	4
876	1197	1198	2	4
877	1198	1201	0	4
878	1201	1203	0	4
879	1203	1205	2	4
880	1205	1207	0	4
881	1207	1209	2	4
882	1209	1211	4	4
883	1211	1213	5	4
884	1213	1215	4	4
885	1215	1217	5	4
886	1217	1219	4	4
887	1219	1221	2	4
888	1221	1223	4	4
889	1223	1225	5	4
890	1225	1227	7	4
891	1227	1229	5	4
892	1229	1231	7	4
893	1231	1233	5	4
894	1233	1235	4	4
895	1235	1237	2	4
896	1237	1239	4	4
897	1239	1241	2	4
898	1241	1243	0	4
899	1243	1245	2	4
900	1245	1247	0	4
901	1247	1248	11	3
902	1248	1249	0	4
903	1249	1250	2	4
904	1250	1251	4	4
905	1251	1252	4	4
906	1252	1253	2	4
907	1253	1254	0	4
908	1254	1255	0	4
909	1255	1256	0	4
910	1256	1257	2	4
911	1257	1258	4	4
912	1258	1259	4	4
913	1259	1260	2	4
914	1260	1261	2	4
915	1261	1263	0	4
916	1263	1264	0	4
917	1264	1265	0	4
918	1265	1266	2	4
919	1266	1267	4	4
920	1267	1268	2	4
921	1268	1269	4	4
922	1269	1270	5	4
923	1270	1271	5	4
924	1271	1272	4	4
925	1272	1273	2	4
926	1273	1274	0	4
927	1274	1275	0	4
928	1275	1276	2	4
929	1276	1277	4	4
930	1277	1278	5	4
931	1278	1279	7	4
932	1279	1280	5	4
933	1280	1281	5	4
934	1281	1283	4	4
935	1283	1285	2	4
936	1285	1287	4	4
937	1287	1289	5	4
938	1289	1291	4	4
939	1291	1295	2	4
940	1295	1296	5	4
941	1296	1297	5	4
942	1297	1298	7	4
943	1298	1299	5	4
944	1299	1300	5	4
945	1300	1301	4	4
946	1301	1302	2	4
947	1302	1303	2	4
948	1303	1304	4	4
949	1304	1305	2	4
950	1305	1306	2	4
951	1306	1307	4	4
952	1307	1308	5	4
953	1308	1309	5	4
954	1309	1310	7	4
955	1310	1311	9	4
956	1311	1312	9	4
957	1312	1313	7	4
958	1313	1314	5	4
959	1314	1315	5	4
960	1315	1316	4	4
961	1316	1319	2	4
962	1319	1320	4	4
963	1320	1321	4	4
964	1321	1322	5	4
965	1322	1323	7	4
966	1323	1324	7	4
967	1324	1325	9	4
968	1325	1326	7	4
969	1326	1327	5	4
970	1327	1328	4	4
971	1328	1329	4	4
972	1329	1330	5	4
973	1330	1331	4	4
974	1331	1332	2	4
975	1332	1333	4	4
976	1333	1334	5	4
977	1334	1337	4	4
978	1337	1340	2	4
979	1340	1342	5	4
980	1342	1344	7	4
981	1344	1346	5	4
982	1346	1348	4	4
983	1348	1350	5	4
984	1350	1352	4	4
985	1352	1354	2	4
986	1354	1356	4	4
987	1356	1358	2	4
988	1358	1360	4	4
989	1360	1362	5	4
990	1362	1364	7	4
991	1364	1366	5	4
992	1366	1368	4	4
993	1368	1370	5	4
994	1370	1372	4	4
995	1372	1374	2	4
996	1374	1376	4	4
997	1376	1378	5	4
998	1378	1380	5	4
999	1380	1382	4	4
1000	1382	1384	4	4
1001	1384	1386	2	4
1002	1386	1390	9	3
1003	1390	1394	2	4
1004	1394	1398	4	4
1005	1398	1402	4	4
1006	1402	1406	2	4
1007	1406	1410	2	4
1008	1410	1412	0	4
1009	1412	1414	2	4
1010	1414	1416	4	4
1011	1416	1418	5	4
1012	1418	1420	7	4
1013	1420	1422	7	4
1014	1422	1424	5	4
1015	1424	1426	5	4
1016	1426	1427	4	4
1017	1427	1428	4	4
1018	1428	1429	2	4
1019	1429	1430	2	4
1020	1430	1431	0	4
1021	1431	1432	2	4
1022	1432	1433	4	4
1023	1433	1434	5	4
1024	1434	1435	7	4
1025	1435	1436	5	4
1026	1436	1437	4	4
1027	1437	1438	2	4
1028	1438	1439	0	4
1029	1439	1440	2	4
1030	1440	1441	4	4
1031	1441	1442	4	4
1032	1442	1443	2	4
1033	1443	1444	2	4
1034	1444	1445	0	4
1035	1445	1446	2	4
1036	1446	1448	0	4
1037	1448	1450	2	4
1038	1450	1452	2	4
1039	1452	1454	4	4
1040	1454	1456	2	4
1041	1456	1458	2	4
1042	1458	1462	0	4
1043	1462	1463	4	4
1044	1463	1464	5	4
1045	1464	1465	7	4
1046	1465	1466	7	4
1047	1466	1467	5	4
1048	1467	1468	4	4
1049	1468	1469	2	4
1050	1469	1470	0	4
1051	1470	1471	0	4
1052	1471	1472	2	4
1053	1472	1473	4	4
1054	1473	1474	4	4
1055	1474	1475	2	4
1056	1475	1477	2	4
1057	1477	1478	4	4
1058	1478	1479	5	4
1059	1479	1480	7	4
1060	1480	1481	7	4
1061	1481	1482	5	4
1062	1482	1483	4	4
1063	1483	1484	2	4
1064	1484	1485	0	4
1065	1485	1486	0	4
1066	1486	1487	2	4
1067	1487	1488	4	4
1068	1488	1489	2	4
1069	1489	1490	0	4
1070	1490	1492	0	4
1071	1492	1493	4	4
1072	1493	1494	5	4
1073	1494	1495	7	4
1074	1495	1496	7	4
1075	1496	1497	5	4
1076	1497	1498	4	4
1077	1498	1499	2	4
1078	1499	1500	0	4
1079	1500	1501	0	4
1080	1501	1502	2	4
1081	1502	1503	4	4
1082	1503	1504	5	4
1083	1504	1505	4	4
1084	1505	1506	2	4
1085	1506	1507	0	4
1086	1507	1509	0	4
1087	1510	1512	2	4
1088	1513	1515	4	4
1089	1516	1518	2	4
1090	1519	1521	0	4
1091	1522	1524	2	4
1092	1525	1527	0	4
1093	1528	1529	0	4
1094	1529	1530	2	4
1095	1530	1531	0	4
1096	1531	1532	0	4
1097	1532	1533	2	4
1098	1533	1534	2	4
1099	1534	1536	0	4
1100	1536	1537	2	4
1101	1537	1538	4	4
1102	1538	1539	2	4
1103	1539	1540	2	4
1104	1540	1541	4	4
1105	1541	1542	4	4
1106	1542	1543	2	4
1107	1543	1544	2	4
1108	1544	1546	4	4
1109	1546	1548	5	4
1110	1548	1550	7	4
1111	1550	1552	5	4
1112	1552	1554	4	4
1113	1554	1556	4	4
1114	1556	1558	2	4
1115	1558	1560	2	4
1116	1560	1562	0	4
1117	1562	1564	2	4
1118	1564	1566	2	4
1119	1566	1568	0	4
1120	1568	1569	6	3
1121	1569	1570	2	4
1122	1570	1571	4	4
1123	1571	1572	4	4
1124	1572	1573	5	4
1125	1573	1574	5	4
1126	1574	1575	4	4
1127	1575	1576	4	4
1128	1576	1577	2	4
1129	1577	1578	0	4
1130	1578	1579	2	4
1131	1579	1580	4	4
1132	1580	1581	5	4
1133	1581	1582	5	4
1134	1582	1584	7	4
1135	1584	1585	5	4
1136	1585	1586	5	4
1137	1586	1587	4	4
1138	1587	1588	5	4
1139	1588	1589	4	4
1140	1589	1590	2	4
1141	1590	1592	0	4
1142	1592	1593	0	4
1143	1593	1594	2	4
1144	1594	1595	4	4
1145	1595	1596	4	4
1146	1596	1597	5	4
1147	1597	1598	5	4
1148	1598	1599	4	4
1149	1599	1600	4	4
1150	1600	1601	2	4
1151	1601	1602	0	4
1152	1602	1603	2	4
1153	1603	1604	4	4
1154	1604	1605	5	4
1155	1605	1606	5	4
1156	1606	1607	4	4
1157	1607	1608	4	4
1158	1608	1609	2	4
1159	1609	1610	2	4
1160	1610	1612	0	4
1161	1612	1613	4	4
1162	1613	1614	4	4
1163	1614	1615	2	4
1164	1615	1616	0	4
1165	1616	1617	0	4
1166	1617	1618	2	4
1167	1618	1619	4	4
1168	1619	1620	4	4
1169	1620	1621	5	4
1170	1621	1623	4	4
1171	1623	1624	2	4
1172	1624	1625	0	4
1173	1625	1626	0	4
1174	1626	1627	2	4
1175	1627	1628	4	4
1176	1628	1629	4	4
1177	1629	1630	5	4
1178	1630	1631	7	4
1179	1631	1632	5	4
1180	1632	1633	4	4
1181	1633	1634	2	4
1182	1634	1635	0	4
1183	1635	1636	2	4
1184	1636	1637	0	4
1185	1637	1638	0	4
1186	1638	1639	2	4
1187	1639	1640	4	4
1188	1640	1641	4	4
1189	1641	1642	5	4
1190	1642	1643	4	4
1191	1643	1644	4	4
1192	1644	1645	2	4
1193	1645	1646	0	4
1194	1646	1647	0	4
1195	1647	1648	2	4
1196	1648	1651	0	4
1197	1651	1654	2	4
1198	1654	1657	0	4
1199	1657	1659	0	4
1200	1659	1661	2	4
1201	1661	1663	4	4
1202	1663	1665	5	4
1203	1665	1667	7	4
1204	1667	1669	5	4
1205	1669	1671	4	4
1206	1671	1673	2	4
1207	1673	1675	0	4
1208	1675	1676	0	4
1209	1676	1677	0	4
1210	1677	1678	2	4
1211	1678	1679	2	4
1212	1679	1680	4	4
1213	1680	1681	4	4
1214	1681	1682	5	4
1215	1682	1683	5	4
1216	1683	1684	7	4
1217	1684	1685	7	4
1218	1685	1686	5	4
1219	1686	1687	5	4
1220	1687	1688	4	4
1221	1688	1689	4	4
1222	1689	1690	2	4
1223	1690	1691	2	4
1224	1691	1692	0	4
1225	1692	1693	2	4
1226	1693	1694	4	4
1227	1694	1695	5	4
1228	1695	1696	7	4
1229	1696	1697	5	4
1230	1697	1698	4	4
1231	1698	1699	2	4
1232	1699	1701	0	4
1233	1701	1702	4	3
1234	1702	1703	2	4
1235	1703	1704	4	4
1236	1704	1705	5	4
1237	1705	1706	5	4
1238	1706	1707	4	4
1239	1707	1708	2	4
1240	1708	1709	0	4
1241	1709	1710	2	4
1242	1710	1711	4	4
1243	1711	1712	5	4
1244	1712	1713	7	4
1245	1713	1714	7	4
1246	1714	1715	5	4
1247	1715	1716	4	4
1248	1716	1717	2	4
1249	1717	1718	0	4
1250	1718	1719	0	4
1251	1719	1720	2	4
1252	1720	1721	2	4
1253	1721	1722	4	4
1254	1722	1723	4	4
1255	1723	1724	2	4
1256	1724	1725	4	4
1257	1725	1726	5	4
1258	1726	1727	5	4
1259	1727	1728	7	4
1260	1728	1729	7	4
1261	1729	1730	5	4
1262	1730	1731	5	4
1263	1731	1733	4	4
1264	1733	1735	2	4
1265	1735	1737	0	4
1266	1737	1738	0	4
1267	1738	1739	2	4
1268	1739	1740	4	4
1269	1740	1741	5	4
1270	1741	1742	5	4
1271	1742	1743	4	4
1272	1743	1744	2	4
1273	1744	1745	0	4
1274	1745	1746	2	4
1275	1746	1747	4	4
1276	1747	1748	5	4
1277	1748	1749	7	4
1278	1749	1750	7	4
1279	1750	1751	5	4
1280	1751	1752	4	4
1281	1752	1753	2	4
1282	1753	1754	0	4
1283	1754	1755	0	4
1284	1755	1756	2	4
1285	1756	1757	2	4
1286	1757	1758	4	4
1287	1758	1759	4	4
1288	1759	1760	2	4
1289	1760	1761	2	4
1290	1761	1762	0	4
1291	1762	1763	2	4
1292	1763	1764	4	4
1293	1764	1765	5	4
1294	1765	1766	4	4
1295	1766	1767	4	4
1296	1767	1768	2	4
1297	1768	1769	2	4
1298	1769	1773	0	4
1299	1773	1774	0	4
1300	1774	1775	2	4
1301	1775	1776	4	4
1302	1776	1777	2	4
1303	1777	1778	4	4
1304	1778	1779	5	4
1305	1779	1780	4	4
1306	1780	1781	5	4
1307	1781	1782	7	4
1308	1782	1783	5	4
1309	1783	1784	4	4
1310	1784	1785	2	4
1311	1785	1786	4	4
1312	1786	1787	2	4
1313	1787	1788	0	4
1314	1788	1789	2	4
1315	1789	1790	0	4
1316	1790	1791	2	4
1317	1791	1792	0	4
1318	1792	1793	2	4
1319	1793	1794	4	4
1320	1794	1795	2	4
1321	1795	1796	4	4
1322	1796	1797	5	4
1323	1797	1798	4	4
1324	1798	1799	5	4
1325	1799	1800	7	4
1326	1800	1801	5	4
1327	1801	1802	4	4
1328	1802	1803	2	4
1329	1803	1804	4	4
1330	1804	1805	2	4
1331	1805	1806	0	4
1332	1806	1807	2	4
1333	1807	1808	0	4
1334	1808	1809	2	4
1335	1809	1812	4	4
1336	1812	1815	2	4
1337	1815	1818	0	4
1338	1818	1820	0	4
1339	1820	1822	2	4
1340	1822	1824	2	4
1341	1824	1826	0	4
1342	1826	1828	2	4
1343	1828	1830	4	4
1344	1830	1832	4	4
1345	1832	1834	2	4
1346	1834	1836	4	4
1347	1836	1838	5	4
1348	1838	1840	5	4
1349	1840	1842	4	4
1350	1842	1844	5	4
1351	1844	1846	7	4
1352	1846	1848	7	4
1353	1848	1850	5	4
1354	1850	1852	4	4
1355	1852	1854	5	4
1356	1854	1856	5	4
1357	1856	1858	4	4
1358	1858	1860	2	4
1359	1860	1862	2	4
1360	1862	1864	0	4
