#	Title	Candle In The Wind
#	Title	Elton John, Bernie Taupin - Candle In The Wind.xml
1	0	1	9	4
2	1	2	9	4
3	2	2.5	9	4
4	2.5	3	5	4
5	3	4	9	4
6	4	5	9	4
7	6	6.5	5	4
8	6.5	7	7	4
9	7	7.5	9	4
10	7.5	8	5	4
11	9	10	2	5
12	10	10.5	2	5
13	10.5	11	3	5
14	11	11.5	3	5
15	11.5	12	2	5
16	12	12.5	0	5
17	12.5	13	0	5
18	13	13.5	2	5
19	13.5	14	2	5
20	14	15	2	5
21	15	16	0	5
22	16	16.5	0	5
23	16.5	17	5	4
24	17	19	5	4
25	19	20	5	4
26	20	21	11	4
27	21	22	9	4
28	22	22.5	7	4
29	22.5	23	9	4
30	23	24	2	4
31	24	25	2	4
32	29	30	5	4
33	30	30.5	5	4
34	30.5	31	7	4
35	31	31.5	9	4
36	31.5	32	10	4
37	32	33	0	5
38	33	34	0	5
39	38	38.5	5	4
40	38.5	39	7	4
41	39	39.5	9	4
42	39.5	40	5	4
43	41	42	2	5
44	42	42.5	3	5
45	42.5	43	3	5
46	43	43.5	2	5
47	44	44.5	0	5
48	44.5	45	0	5
49	45	46	2	5
50	46	46.5	2	5
51	46.5	47	0	5
52	47	48	0	5
53	48	49	0	5
54	49	50	5	4
55	51	51.5	9	4
56	51.5	52	9	4
57	52	53	10	4
58	53	54	9	4
59	54	54.5	7	4
60	54.5	55	9	4
61	55	56	2	4
62	56	57	2	4
63	63	63.5	9	4
64	63.5	64	10	4
65	64	65	0	5
66	65	66	0	5
67	66	67.5	0	5
68	67.5	68	9	4
69	68	69	0	5
70	69	70	0	5
71	70	70.3333	2	5
72	70.3333	70.6667	0	5
73	70.6667	71	9	4
74	71	71.5	9	4
75	71.5	72	10	4
76	72	73	0	5
77	73	74	0	5
78	74	74.5	0	5
79	74.5	75	2	5
80	75	76	5	4
81	76	77	5	4
82	79	79.5	9	4
83	79.5	80	10	4
84	80	81	0	5
85	81	82	0	5
86	82	82.5	0	5
87	82.5	83	0	5
88	83	84	2	5
89	84	85	2	5
90	85	86	0	5
91	87	87.5	9	4
92	87.5	88	9	4
93	88	88.3333	9	4
94	88.3333	88.6667	10	4
95	88.6667	89	9	4
96	89	90	7	4
97	90	91	7	4
98	95	95.5	0	5
99	95.5	96	0	5
100	96	97	2	5
101	97	98	2	5
102	98	98.5	2	5
103	98.5	99	4	5
104	99	100	5	5
105	100	101.5	4	5
106	101.5	102	4	5
107	102	102.5	2	5
108	102.5	103	0	5
109	103	104	2	5
110	104	104.5	2	5
111	104.5	105	5	4
112	105	107	9	4
113	107	108	5	4
114	108	109	9	4
115	109	110	9	4
116	110	111	10	4
117	111	112	0	5
118	112	112.5	9	4
119	112.5	113	7	4
120	113	114	7	4
121	114	115	7	4
122	119	120	0	4
123	120	121	2	4
124	121	122	5	4
125	122	122.5	5	4
126	122.5	123	7	4
127	123	124	2	4
128	124	125	2	4
129	136	137	9	4
130	137	138	9	4
131	138	138.5	9	4
132	138.5	139	5	4
133	139	140	9	4
134	140	141	9	4
135	142	142.5	5	4
136	142.5	143	7	4
137	143	143.5	9	4
138	143.5	144	5	4
139	145	146	2	5
140	146	146.5	2	5
141	146.5	147	3	5
142	147	147.5	3	5
143	147.5	148	2	5
144	148	148.5	0	5
145	148.5	149	0	5
146	149	149.5	2	5
147	149.5	150	2	5
148	150	151	2	5
149	151	152	0	5
150	152	152.5	0	5
151	152.5	153	5	4
152	153	155	5	4
153	155	156	5	4
154	156	157	11	4
155	157	158	9	4
156	158	158.5	7	4
157	158.5	159	9	4
158	159	160	2	4
159	160	161	2	4
160	165	166	5	4
161	166	166.5	5	4
162	166.5	167	7	4
163	167	167.5	9	4
164	167.5	168	10	4
165	168	169	0	5
166	169	170	0	5
167	174	174.5	5	4
168	174.5	175	7	4
169	175	175.5	9	4
170	175.5	176	5	4
171	177	178	2	5
172	178	178.5	3	5
173	178.5	179	3	5
174	179	179.5	2	5
175	180	180.5	0	5
176	180.5	181	0	5
177	181	182	2	5
178	182	182.5	2	5
179	182.5	183	0	5
180	183	184	0	5
181	184	185	0	5
182	185	186	5	4
183	187	187.5	9	4
184	187.5	188	9	4
185	188	189	10	4
186	189	190	9	4
187	190	190.5	7	4
188	190.5	191	9	4
189	191	192	2	4
190	192	193	2	4
191	199	199.5	9	4
192	199.5	200	10	4
193	200	201	0	5
194	201	202	0	5
195	202	203.5	0	5
196	203.5	204	9	4
197	204	205	0	5
198	205	206	0	5
199	206	206.333	2	5
200	206.333	206.667	0	5
201	206.667	207	9	4
202	207	207.5	9	4
203	207.5	208	10	4
204	208	209	0	5
205	209	210	0	5
206	210	210.5	0	5
207	210.5	211	2	5
208	211	212	5	4
209	212	213	5	4
210	215	215.5	9	4
211	215.5	216	10	4
212	216	217	0	5
213	217	218	0	5
214	218	218.5	0	5
215	218.5	219	0	5
216	219	220	2	5
217	220	221	2	5
218	221	222	0	5
219	223	223.5	9	4
220	223.5	224	9	4
221	224	224.333	9	4
222	224.333	224.667	10	4
223	224.667	225	9	4
224	225	226	7	4
225	226	227	7	4
226	231	231.5	0	5
227	231.5	232	0	5
228	232	233	2	5
229	233	234	2	5
230	234	234.5	2	5
231	234.5	235	4	5
232	235	236	5	5
233	236	237.5	4	5
234	237.5	238	4	5
235	238	238.5	2	5
236	238.5	239	0	5
237	239	240	2	5
238	240	240.5	2	5
239	240.5	241	5	4
240	241	243	9	4
241	243	244	5	4
242	244	245	9	4
243	245	246	9	4
244	246	247	10	4
245	247	248	0	5
246	248	248.5	9	4
247	248.5	249	7	4
248	249	250	7	4
249	250	251	7	4
250	255	256	0	4
251	256	257	2	4
252	257	258	5	4
253	258	258.5	5	4
254	258.5	259	7	4
255	259	260	2	4
256	260	261	2	4
257	272	273	9	4
258	273	274	9	4
259	274	274.5	9	4
260	274.5	275	5	4
261	275	276	9	4
262	276	277	9	4
263	278	278.5	5	4
264	278.5	279	7	4
265	279	279.5	9	4
266	279.5	280	5	4
267	281	282	2	5
268	282	282.5	2	5
269	282.5	283	3	5
270	283	283.5	3	5
271	283.5	284	2	5
272	284	284.5	0	5
273	284.5	285	0	5
274	285	285.5	2	5
275	285.5	286	2	5
276	286	287	2	5
277	287	288	0	5
278	288	288.5	0	5
279	288.5	289	5	4
280	289	289.5	5	4
281	291	292	5	4
282	292	293	10	4
283	293	294	9	4
284	294	294.5	7	4
285	294.5	295	9	4
286	295	296	2	4
287	296	297	2	4
288	304	305	9	4
289	305	306	9	4
290	306	306.5	9	4
291	306.5	307	5	4
292	307	308	9	4
293	308	309	9	4
294	309	309.5	5	4
295	309.5	310	7	4
296	310	310.5	9	4
297	310.5	311	10	4
298	311	311.5	0	5
299	311.5	312	0	5
300	312	313	2	5
301	313	314	2	5
302	314	314.5	2	5
303	314.5	315	3	5
304	315	315.5	3	5
305	315.5	316	2	5
306	316	316.5	0	5
307	316.5	317	0	5
308	317	317.5	2	5
309	317.5	318	2	5
310	318	318.5	2	5
311	318.5	319	2	5
312	319	320	0	5
313	320	320.5	2	5
314	320.5	321	0	5
315	321	322	0	5
316	322	323	5	4
317	323	323.5	9	4
318	323.5	324	9	4
319	324	325	10	4
320	325	326	9	4
321	327	327.5	7	4
322	327.5	328	5	4
323	328	328.5	7	4
324	328.5	329	5	4
325	329	331	2	4
326	335	335.5	9	4
327	335.5	336	10	4
328	343	344	5	4
329	344	345	2	5
330	345	346	2	5
331	346	346.5	2	5
332	346.5	347	4	5
333	347	348	5	5
334	348	349	5	5
335	349	350	9	5
336	350	350.5	7	5
337	350.5	351	5	5
338	351	352	5	5
339	352	353	5	5
340	353	353.5	2	5
341	353.5	354	5	4
342	354	355.5	9	4
343	355.5	356	2	5
344	356	357	2	5
345	357	358	2	5
346	358	359	4	5
347	359	360	5	5
348	360	360.5	5	5
349	360.5	361	4	5
350	361	362	4	5
351	362	362.333	4	5
352	362.333	362.667	2	5
353	362.667	363	0	5
354	363	363.5	0	5
355	367	368	0	4
356	368	369	2	4
357	369	370	5	4
358	370	370.5	5	4
359	370.5	371	7	4
360	371	372	2	4
361	372	373	2	4
