1	0	1	#
2	1	2	0
3	2	2.33333	0
4	2.33333	2.66667	1
5	2.66667	3	2
6	3	3.33333	-2
7	3.66667	4	-1
8	4	5	5
9	5	5.33333	-7
10	5.66667	6	0
11	6	8	0
12	8	9	5
13	9	9.33333	-7
14	9.66667	10	0
15	10	12	0
16	12	13	2
17	13	13.3333	-7
18	13.6667	14	0
19	14	16	0
20	16	17	9
21	17	18	0
22	18	18.3333	0
23	18.3333	18.6667	1
24	18.6667	19	2
25	19	19.3333	-2
26	19.6667	20	-1
27	20	21	5
28	21	21.3333	-7
29	21.6667	22	0
30	22	23.5	0
31	23.5	24	0
32	24	25	5
33	25	25.3333	-7
34	25.6667	26	0
35	26	27	0
36	27	28	2
37	28	29	-2
38	32	33	4
39	33	34	0
40	34	34.3333	0
41	34.3333	34.6667	1
42	34.6667	35	2
43	35	35.3333	-2
44	35.6667	36	-1
45	36	36.5	5
46	36.5	36.8333	-7
47	37.1667	37.5	0
48	37.5	39.5	0
49	40	41	5
50	41	41.3333	-7
51	41.6667	42	0
52	42	44	0
53	44	45	2
54	45	45.3333	-7
55	45.6667	46	0
56	46	48	0
57	48	49	9
58	49	50	0
59	50	50.3333	0
60	50.3333	50.6667	1
61	50.6667	51	2
62	51	51.3333	-2
63	51.6667	52	-1
64	52	52.5	5
65	52.5	52.8333	-7
66	53.1667	53.5	0
67	53.5	55	0
68	55	55.5	0
69	56	57	5
70	57	57.3333	-7
71	57.6667	58	0
72	58	59	0
73	59	60	2
74	60	62	-2
75	62	62.3333	0
76	62.6667	63	0
77	63	63.3333	9
78	63.6667	64	-2
79	64	66	-2
80	66	66.3333	0
81	66.6667	67	-6
82	67	67.3333	8
83	67.6667	68	-2
84	68	70	-1
85	70	70.3333	0
86	70.6667	71	-9
87	71	71.3333	10
88	71.6667	72	-1
89	72	72.3333	-2
90	72.3333	72.6667	0
91	72.6667	73	0
92	73.3333	73.6667	0
93	73.6667	74	0
94	74	74.3333	0
95	74.3333	74.6667	0
96	74.6667	75	0
97	80	81	2
98	81	82	0
99	82	82.3333	0
100	82.3333	82.6667	1
101	82.6667	83	2
102	83	83.3333	-2
103	83.6667	84	-1
104	84	84.5	5
105	84.5	84.8333	-7
106	85.1667	85.5	0
107	85.5	87.5	0
108	88	89	5
109	89	89.3333	-7
110	89.6667	90	0
111	90	92	0
112	92	93	2
113	93	93.3333	-7
114	93.6667	94	0
115	94	96	0
116	96	97	9
117	97	98	0
118	98	98.3333	0
119	98.3333	98.6667	1
120	98.6667	99	2
121	99	99.3333	-2
122	99.6667	100	-1
123	100	101	5
124	101	101.333	-7
125	101.667	102	0
126	102	103.5	0
127	103.5	104	0
128	104	105	5
129	105	105.333	-7
130	105.667	106	0
131	106	107	0
132	107	108	2
133	108	109	-2
134	112	113	4
135	113	114	0
136	114	114.333	0
137	114.333	114.667	1
138	114.667	115	2
139	115	115.333	-2
140	115.667	116	-1
141	116	117	5
142	117	117.333	-7
143	117.667	118	0
144	118	120	0
145	120	121	5
146	121	121.333	-7
147	121.667	122	0
148	122	124	0
149	124	125	2
150	125	125.333	-7
151	125.667	126	0
152	126	128	0
153	128	129	9
154	129	130	0
155	130	130.333	0
156	130.333	130.667	1
157	130.667	131	2
158	131	131.333	-2
159	131.667	132	-1
160	132	133	5
161	133	133.333	-7
162	133.667	134	0
163	134	135.5	0
164	135.5	136	0
165	136	137	5
166	137	137.333	-7
167	137.667	138	0
168	138	139	0
169	139	140	2
170	140	141	-2
171	144	145	4
172	145	146	0
173	146	146.333	0
174	146.333	146.667	1
175	146.667	147	2
176	147	147.333	-2
177	147.667	148	-1
178	148	148.5	5
179	148.5	148.833	-7
180	149.167	149.5	0
181	149.5	151.5	0
182	152	153	5
183	153	153.333	-7
184	153.667	154	0
185	154	156	0
186	156	157	2
187	157	157.333	-7
188	157.667	158	0
189	158	160	0
190	160	161	9
191	161	162	0
192	162	162.333	0
193	162.333	162.667	1
194	162.667	163	2
195	163	163.333	-2
196	163.667	164	-1
197	164	164.5	5
198	164.5	164.833	-7
199	165.167	165.5	0
200	165.5	167	0
201	167	167.5	0
202	168	169	5
203	169	169.333	-7
204	169.667	170	0
205	170	171	0
206	171	172	2
207	172	174	-2
208	174	174.333	0
209	174.667	175	0
210	175	175.333	9
211	175.667	176	-2
212	176	178	-2
213	178	178.333	0
214	178.667	179	-6
215	179	179.333	8
216	179.667	180	-2
217	180	182	-1
218	182	182.333	0
219	182.667	183	-9
220	183	183.333	10
221	183.667	184	-1
222	184	184.333	-2
223	184.333	184.667	0
224	184.667	185	0
225	185.333	185.667	0
226	185.667	186	0
227	186	186.333	0
228	186.333	186.667	0
229	186.667	187	0
230	192	193	2
231	193	194	0
232	194	194.333	0
233	194.333	194.667	1
234	194.667	195	2
235	195	195.333	-2
236	195.667	196	-1
237	196	196.5	5
238	196.5	196.833	-7
239	197.167	197.5	0
240	197.5	199.5	0
241	200	201	5
242	201	201.333	-7
243	201.667	202	0
244	202	204	0
245	204	205	2
246	205	205.333	-7
247	205.667	206	0
248	206	208	0
249	208	209	9
250	209	210	0
251	210	210.333	0
252	210.333	210.667	1
253	210.667	211	2
254	211	211.333	-2
255	211.667	212	-1
256	212	213	5
257	213	213.333	-7
258	213.667	214	0
259	214	215.5	0
260	215.5	216	0
261	216	218	5
262	218	219	-7
263	219	220	0
264	220	222	0
265	222	224	2
266	224	224.333	2
267	224.333	224.667	1
268	224.667	225	2
269	225	225.333	2
270	225.667	226	-4
271	226	226.333	-3
272	226.333	226.667	2
273	226.667	227	1
274	227	227.333	2
275	227.667	228	-3
276	228	228.333	-4
277	228.333	228.667	2
278	228.667	229	2
279	229	229.333	1
280	229.667	230	-3
281	230	230.333	-3
282	230.333	230.667	1
283	230.667	231	2
284	231	231.333	-7
285	231.333	231.667	2
286	231.667	232	2
287	232	233	1
288	234	236	7
289	236	237	5
