#	Title	Ferry Cross the Mersey
#	Title	Gerry Marsden - Ferry Cross the Mersey.xml
1	8	12	0	5
2	12	13	0	5
3	13	13.5	10	4
4	13.5	14	0	5
5	14	15	3	5
6	15	15.5	0	5
7	15.5	16	10	4
8	16	20	0	5
9	24	28	0	5
10	28	29	0	5
11	29	29.5	10	4
12	29.5	30	0	5
13	30	31	3	5
14	31	31.5	0	5
15	31.5	32	10	4
16	32	35	0	5
17	39	40	0	5
18	40	41	5	5
19	41	42	0	5
20	42	42.5	0	5
21	43	43.5	5	5
22	43.5	44	7	5
23	44	45	4	5
24	45	47	0	5
25	47	47.5	9	4
26	47.5	48	4	5
27	48	50	2	5
28	50	50.5	2	5
29	50.5	51	0	5
30	51	51.5	10	4
31	51.5	52	2	5
32	52	53.5	0	5
33	53.5	53.75	0	5
34	53.75	54	0	5
35	54	54.75	0	5
36	54.75	55	9	4
37	55	55.5	9	4
38	55.5	56	7	4
39	56	58	9	4
40	64	68	0	5
41	68	69	0	5
42	69	69.5	10	4
43	69.5	70	0	5
44	70	70.75	3	5
45	70.75	71	0	5
46	71	71.5	0	5
47	71.5	72	10	4
48	72	75	0	5
49	75	75.5	0	5
50	80	84	0	5
51	84	85	0	5
52	85	85.5	10	4
53	85.5	86	0	5
54	86	87	3	5
55	87	87.5	0	5
56	87.5	88	10	4
57	88	90	0	5
58	95	96	0	5
59	96	97	5	5
60	97	99	0	5
61	99	99.5	5	5
62	99.5	100	7	5
63	100	101	4	5
64	101	103	0	5
65	103	103.5	9	4
66	103.5	104	4	5
67	104	106	2	5
68	106	106.5	2	5
69	106.5	107	0	5
70	107	107.5	10	4
71	107.5	107.583	10	4
72	107.583	107.667	2	5
73	107.667	107.75	0	5
74	107.75	108	0	5
75	108	109.5	0	5
76	109.5	110	9	4
77	110	110.25	7	4
78	110.25	111	9	4
79	111	112	7	4
80	112	115	5	4
81	120	120.5	5	4
82	120.5	121.5	7	4
83	121.5	122	9	4
84	122	123	10	4
85	123	123.5	0	5
86	123.5	124	10	4
87	124	125	9	4
88	125	127	5	4
89	128	128.5	7	4
90	128.75	129	7	4
91	129	129.5	7	4
92	129.5	130	9	4
93	130	131	10	4
94	131	132	0	5
95	132	133.5	9	4
96	137	137.5	7	4
97	137.5	138	9	4
98	138	138.75	10	4
99	138.75	139	0	5
100	139	139.5	0	5
101	139.5	140	2	5
102	140	141	4	5
103	141	141.75	0	5
104	141.75	142	9	4
105	142	144	9	4
106	144	144.75	2	5
107	144.75	145	2	5
108	145	145.5	2	5
109	145.5	146	2	5
110	146	146.667	2	5
111	146.667	147.333	0	5
112	147.333	148	10	4
113	148	149	0	5
114	152	156	0	5
115	156	157	0	5
116	157	157.5	10	4
117	157.5	158	0	5
118	158	159	3	5
119	159	159.5	0	5
120	159.5	160	10	4
121	160	164	0	5
122	168	172	0	5
123	172	173	0	5
124	173	173.5	10	4
125	173.5	174	0	5
126	174	175	3	5
127	175	175.5	0	5
128	175.5	176	10	4
129	176	178	0	5
130	178	178.5	0	5
131	183	184	0	5
132	184	185	5	5
133	185	187	0	5
134	187	187.5	5	5
135	187.5	188	7	5
136	188	189	4	5
137	189	191	0	5
138	191	191.5	9	4
139	191.5	192	4	5
140	192	194	2	5
141	194	194.5	2	5
142	194.5	195	0	5
143	195	195.5	10	4
144	195.5	196	2	5
145	196	198	0	5
146	198	198.25	0	5
147	198.25	199	0	5
148	199	199.5	9	4
149	199.5	200	7	4
150	200	202	9	4
151	202	202.5	9	4
152	205.5	206	9	4
153	206	207	7	4
154	207	207.75	2	5
155	207.75	208	0	5
156	208	212	0	5
157	214	215	10	4
158	215	216	7	4
159	216	220	5	4
160	220	224	5	4
