#	Title	Our House
#	Title	Graham Nash - Our House.xml
1	0	1	7	4
2	1	1.5	0	5
3	1.5	2	2	5
4	2	4	0	5
5	4	5	4	5
6	5	5.5	7	5
7	5.5	6	9	5
8	6	6.5	7	5
9	6.5	7	4	5
10	7	7.5	2	5
11	7.5	8	2	5
12	8	9	0	5
13	9	9.5	0	5
14	9.5	10	2	5
15	10	11	0	5
16	11	12	7	4
17	12	16	9	4
18	16	16.5	7	4
19	16.5	17	7	4
20	17	17.5	0	5
21	17.5	18	2	5
22	18	19	0	5
23	19	20	2	5
24	20	21	4	5
25	21	21.5	7	5
26	21.5	22	9	5
27	22	22.5	7	5
28	22.5	23	4	5
29	23	23.5	2	5
30	23.5	24	0	5
31	24	25	0	5
32	25	26	2	5
33	26	27	0	5
34	27	28	7	4
35	28	29	9	4
36	29	30	11	4
37	30	31	2	5
38	31	32	11	4
39	32	33	9	4
40	33	34	11	4
41	34	35	2	5
42	35	36	7	4
43	36	38	4	5
44	40	40.5	9	5
45	40.5	41	7	5
46	41	42	5	5
47	42	43	4	5
48	43	44	2	5
49	44	48	0	5
50	48	50	4	5
51	50	51	4	5
52	51	51.5	4	5
53	51.5	52	4	5
54	52	52.5	9	5
55	52.5	53	9	5
56	53	53.5	9	5
57	53.5	54	9	5
58	54	55	9	5
59	55	55.5	5	5
60	55.5	56	4	5
61	56	56.5	5	5
62	56.5	57	7	5
63	57	57.5	5	5
64	57.5	58	4	5
65	58	59	4	5
66	59	60	4	5
67	60	60.5	5	5
68	60.5	61	7	5
69	61	61.5	5	5
70	61.5	62	4	5
71	62	63	4	5
72	63	64	4	5
73	64	64.5	5	5
74	64.5	65	7	5
75	65	65.5	5	5
76	65.5	66	4	5
77	66	66.5	4	5
78	66.5	67	2	5
79	67	67.5	0	5
80	67.5	68	7	4
81	68	72	9	4
82	72	74	2	5
83	74	76	5	5
84	76	77	7	5
85	77	78	4	5
86	78	78.5	4	5
87	78.5	79	5	5
88	79	79.5	7	5
89	79.5	80	4	5
90	80	80.5	5	5
91	80.5	81	7	5
92	81	81.5	7	5
93	81.5	82	4	5
94	82	82.5	5	5
95	82.5	83	7	5
96	83	83.5	0	5
97	83.5	84	2	5
98	84	85	0	5
99	85	85.5	9	4
100	85.5	86	0	5
101	86	86.5	7	4
102	86.5	87	7	4
103	87	87.5	9	4
104	87.5	88	0	5
105	88	88.5	9	4
106	88.5	89	11	4
107	89	89.5	0	5
108	89.5	90	4	5
109	90	90.5	2	5
110	90.5	91	4	5
111	91	91.5	5	5
112	91.5	92	0	6
113	92	93	11	5
114	93	94	7	5
115	94	94.5	4	5
116	94.5	95	7	5
117	95	95.5	7	5
118	95.5	96	4	5
119	96	96.5	5	5
120	96.5	97	7	5
121	97	97.5	7	5
122	97.5	98	4	5
123	98	98.5	5	5
124	98.5	99	7	5
125	99	99.5	0	5
126	99.5	100	2	5
127	100	101	0	5
128	101	101.5	0	5
129	101.5	102	3	5
130	102	102.5	2	5
131	102.5	103	0	5
132	103	104	3	5
133	104	106	0	5
134	106	108	5	5
135	108	109	7	5
136	109	109.5	4	5
137	109.5	110	4	5
138	110	111	4	5
139	111	112	0	5
140	112	113	4	5
141	113	113.5	7	5
142	113.5	114	9	5
143	114	114.5	7	5
144	114.5	115	4	5
145	115	115.5	2	5
146	115.5	116	0	5
147	116	117	0	5
148	117	117.5	0	5
149	117.5	118	0	5
150	118	119	2	5
151	119	120	2	5
152	120	120.5	4	5
153	120.5	121	0	5
154	121	122	7	4
155	122	124	4	4
156	124	128	4	4
