#	Title	House of Gold
#	Title	Hank Williams - House of Gold.xml
1	22	23	7	3
2	22.5	23	9	3
3	23	24	0	4
4	24	28	4	4
5	28	29	4	4
6	29	30	4	4
7	30	30.5	2	4
8	30.5	31	0	4
9	31	36	9	3
10	32	36	7	3
11	36	37	7	3
12	37	38	0	4
13	38	38.5	4	4
14	38.5	39	2	4
15	39	40	0	4
16	40	44	7	4
17	44	46	7	4
18	46	47	4	4
19	47	48	0	4
20	48	52	4	4
21	52	53	4	4
22	53	54	7	4
23	54	55	7	4
24	55	56	9	4
25	56	60	0	5
26	60	61	0	5
27	61	61.5	0	5
28	61.5	62	0	5
29	62	63	9	4
30	63	64	5	4
31	64	68	7	4
32	68	69	7	4
33	69	70	4	4
34	70	70.5	7	3
35	70.5	71	9	3
36	71	72	0	4
37	72	73	2	4
38	73	76	2	4
39	76	77	2	4
40	77	77.5	4	4
41	77.5	78	2	4
42	78	78.5	0	4
43	78.5	79	7	3
44	79	80	9	3
45	80	84	0	4
46	84	85	0	4
47	85	86	4	4
48	86	86.5	7	3
49	86.5	87	9	3
50	87	88	0	4
51	88	92	4	4
52	92	93	4	4
53	93	93.5	4	4
54	93.5	94	2	4
55	94	95	0	4
56	95	96	9	3
57	96	100	7	3
58	100	101	7	3
59	101	102	0	4
60	102	102.5	4	4
61	102.5	103	2	4
62	103	104	0	4
63	104	108	7	4
64	108	110	7	4
65	110	111	4	4
66	111	112	0	4
67	112	116	4	4
68	116	117	4	4
69	117	117.5	7	4
70	117.5	118	7	4
71	118	118.5	7	4
72	118.5	119	7	4
73	119	120	9	4
74	120	124	0	5
75	124	125	0	5
76	125	125.5	0	5
77	125.5	126	0	5
78	126	127	9	4
79	127	128	5	4
80	128	132	7	4
81	132	133	7	4
82	133	133.5	7	3
83	133.5	134	7	3
84	134	135	9	3
85	135	136	0	4
86	136	140	2	4
87	140	141	2	4
88	141	141.5	4	4
89	141.5	142	2	4
90	142	142.5	0	4
91	142.5	143	7	3
92	143	144	9	3
93	144	148	0	4
94	148	149	0	4
95	149	150	4	4
96	150	150.5	7	3
97	150.5	151	9	3
98	151	152	0	4
99	152	156	4	4
100	156	157	4	4
101	157	157.5	4	4
102	157.5	158	2	4
103	158	159	0	4
104	159	160	9	3
105	160	164	7	3
106	164	165	7	3
107	165	166	0	4
108	166	166.5	4	4
109	166.5	167	2	4
110	167	168	0	4
111	168	172	7	4
112	172	173	7	4
113	173	174	7	4
114	174	175	4	4
115	175	176	0	4
116	176	180	4	4
117	180	182	4	4
118	182	183	7	4
119	183	184	9	4
120	184	188	0	5
121	188	189	0	5
122	189	189.5	0	5
123	189.5	190	0	5
124	190	191	9	4
125	191	192	5	4
126	192	196	7	4
127	196	197	7	4
128	197	198	7	3
129	198	199	9	3
130	199	200	0	4
131	200	204	2	4
132	204	205	2	4
133	205	205.5	4	4
134	205.5	206	2	4
135	206	206.5	0	4
136	206.5	207	7	3
137	207	208	9	3
138	208	212	0	4
139	212	214	0	4
140	214	214.5	7	3
141	214.5	215	9	3
142	215	216	0	4
143	216	220	4	4
144	220	221	4	4
145	221	222	4	4
146	222	222.5	2	4
147	222.5	223	0	4
148	223	224	9	3
149	224	228	7	3
150	228	229	7	3
151	229	230	0	4
152	230	230.5	4	4
153	230.5	231	2	4
154	231	232	0	4
155	232	236	7	4
156	236	238	7	4
157	238	239	4	4
158	239	240	0	4
159	240	244	4	4
160	244	245	4	4
161	245	246	7	4
162	246	247	7	4
163	247	248	9	4
164	248	252	0	5
165	252	253	0	5
166	253	253.5	0	5
167	253.5	254	0	5
168	254	255	9	4
169	255	256	5	4
170	256	260	7	4
171	260	261	7	4
172	261	262	4	4
173	262	262.5	7	3
174	262.5	263	9	3
175	263	264	0	4
176	264	265	2	4
177	265	268	2	4
178	268	269	2	4
179	269	269.5	4	4
180	269.5	270	2	4
181	270	270.5	0	4
182	270.5	271	7	3
183	271	272	9	3
184	272	276	0	4
185	276	277	0	4
186	277	278	4	4
187	278	278.5	7	3
188	278.5	279	9	3
189	279	280	0	4
190	280	284	4	4
191	284	285	4	4
192	285	285.5	4	4
193	285.5	286	2	4
194	286	287	0	4
195	287	288	9	3
196	288	292	7	3
197	292	293	7	3
198	293	294	0	4
199	294	294.5	4	4
200	294.5	295	2	4
201	295	296	0	4
202	296	300	7	4
203	300	302	7	4
204	302	303	4	4
205	303	304	0	4
206	304	308	4	4
207	308	309	4	4
208	309	309.5	7	4
209	309.5	310	7	4
210	310	310.5	7	4
211	310.5	311	7	4
212	311	312	9	4
213	312	316	0	5
214	316	317	0	5
215	317	317.5	0	5
216	317.5	318	0	5
217	318	319	9	4
218	319	320	5	4
219	320	324	7	4
220	324	325	7	4
221	325	325.5	7	3
222	325.5	326	7	3
223	326	327	9	3
224	327	328	0	4
225	328	332	2	4
226	332	333	2	4
227	333	333.5	4	4
228	333.5	334	2	4
229	334	334.5	0	4
230	334.5	335	7	3
231	335	336	9	3
232	336	340	0	4
233	340	341	0	4
234	341	342	4	4
235	342	342.5	7	3
236	342.5	343	9	3
237	343	344	0	4
238	344	348	4	4
239	348	349	4	4
240	349	349.5	4	4
241	349.5	350	2	4
242	350	351	0	4
243	351	352	9	3
244	352	356	7	3
245	356	357	7	3
246	357	358	0	4
247	358	358.5	4	4
248	358.5	359	2	4
249	359	360	0	4
250	360	364	7	4
251	364	365	7	4
252	365	366	7	4
253	366	367	4	4
254	367	368	0	4
255	368	372	4	4
256	372	374	4	4
257	374	375	7	4
258	375	376	9	4
259	376	380	0	5
260	380	381	0	5
261	381	381.5	0	5
262	381.5	382	0	5
263	382	383	9	4
264	383	384	5	4
265	384	388	7	4
266	388	389	7	4
267	389	390	7	3
268	390	391	9	3
269	391	392	0	4
270	392	396	2	4
271	396	397	2	4
272	397	397.5	4	4
273	397.5	398	2	4
274	398	398.5	0	4
275	398.5	399	7	3
276	399	400	9	3
277	400	404	0	4
278	404	408	0	4
