1	2.5	3	#
2	3	3.5	2
3	3.5	4	3
4	4	5	4
5	6	7	0
6	8.5	9	0
7	9	9.5	0
8	9.5	10	-4
9	10	10.5	4
10	10.5	11	-2
11	11	12	-2
12	12	13	2
13	14	15	0
14	16.5	17	0
15	17	17.5	0
16	17.5	18	-2
17	18	18.5	3
18	18.5	19	-3
19	19	19.5	-3
20	19.5	20	-2
21	20	21	9
22	22	23	0
23	24.5	25	-4
24	25	25.5	4
25	25.5	26	-4
26	26	26.5	4
27	26.5	27	-2
28	27	28	-2
29	28	28.5	2
30	28.5	29.5	0
31	29.5	30	-2
32	30	30.5	2
33	30.5	31	2
34	31	31.5	-4
35	31.5	32	-3
36	32	34	3
37	34	34.5	0
38	34.5	35	-5
39	35	35.5	2
40	35.5	36	3
41	36	37	4
42	38	39	0
43	40.5	41	0
44	41	41.5	0
45	41.5	42	-4
46	42	42.5	4
47	42.5	43	-2
48	43	44	-2
49	44	45	2
50	46	47	0
51	48.5	49	-2
52	49	49.5	2
53	49.5	50	-2
54	50	50.5	3
55	50.5	51	-3
56	51	51.5	-3
57	51.5	52	-2
58	52	53	9
59	54	55	0
60	56.5	57	-4
61	57	57.5	4
62	57.5	58	-4
63	58	58.5	4
64	58.5	59	-2
65	59	60	-2
66	60	60.5	2
67	60.5	61	-2
68	61	61.5	2
69	61.5	62	-2
70	62	62.5	2
71	62.5	63	2
72	63	63.5	-4
73	63.5	64	-3
74	64	66	3
75	66	66.5	0
76	66.5	67	9
77	67	67.5	0
78	67.5	68	-2
79	68	69	-3
80	70.5	71	5
81	71	71.5	0
82	71.5	72	-2
83	72	73	-3
84	74	74.5	5
85	74.5	75	-2
86	75	75.5	-4
87	75.5	76	-1
88	76	78	-2
89	78	78.5	4
90	78.5	79	-4
91	79	79.5	-3
92	79.5	80	3
93	80	82	0
94	82	82.5	0
95	82.5	83	9
96	83	83.5	0
97	83.5	84	-2
98	84	86	-3
99	86.5	87.5	5
100	87.5	88	-2
101	88	88.5	3
102	88.5	89	0
103	89	90	-1
104	90	91	-2
105	91	92	-3
106	92	96	-2
107	96	96.5	0
108	96.5	97.5	7
109	97.5	98	-2
110	98	98.5	2
111	98.5	99	-2
112	99	99.5	2
113	99.5	100	-2
114	100	101	-3
115	102	103	0
116	104.5	105	0
117	105	105.5	0
118	105.5	106	-4
119	106	106.5	4
120	106.5	107	-2
121	107	108	-2
122	108	109	2
123	110	111	0
124	112.5	113	0
125	113	113.5	0
126	113.5	114	-2
127	114	114.5	3
128	114.5	115	-3
129	115	115.5	-3
130	115.5	116	-2
131	116	117	9
132	118	119	0
133	120.5	121	0
134	121	121.5	0
135	121.5	122	-4
136	122	122.5	4
137	122.5	123	-2
138	123	124	-2
139	124	124.5	9
140	124.5	125.5	0
141	125.5	126	-2
142	126	126.5	-3
143	126.5	127	-4
144	127	127.5	-3
145	127.5	128	3
146	128	130	0
147	130	130.5	0
148	130.5	131	-5
149	131	131.5	2
150	131.5	132	3
151	132	133	4
152	134	135	0
153	136.5	137	0
154	137	137.5	0
155	137.5	138	-4
156	138	138.5	4
157	138.5	139	-2
158	139	140	-2
159	140	141	2
160	142	143	0
161	144.5	145	0
162	145	145.5	0
163	145.5	146	-2
164	146	146.5	3
165	146.5	147	-3
166	147	147.5	-3
167	147.5	148	-2
168	148	149	9
169	150	151	0
170	152.5	153	-4
171	153	153.5	4
172	153.5	154	-4
173	154	154.5	4
174	154.5	155	-2
175	155	156	-2
176	156	156.5	2
177	156.5	157.5	0
178	157.5	158	-2
179	158	158.5	2
180	158.5	159	2
181	159	159.5	-4
182	159.5	160	-3
183	160	162	3
184	162	162.5	0
185	162.5	163	-5
186	163	163.5	2
187	163.5	164	3
188	164	165	4
189	166	167	0
190	168.5	169	0
191	169	169.5	0
192	169.5	170	-4
193	170	170.5	4
194	170.5	171	-2
195	171	172	-2
196	172	173	2
197	174	175	0
198	176.5	177	-2
199	177	177.5	2
200	177.5	178	-2
201	178	178.5	3
202	178.5	179	-3
203	179	179.5	-3
204	179.5	180	-2
205	180	181	9
206	182	183	0
207	184.5	185	-4
208	185	185.5	4
209	185.5	186	-4
210	186	186.5	4
211	186.5	187	-2
212	187	188	-2
213	188	188.5	2
214	188.5	189	-2
215	189	189.5	2
216	189.5	190	-2
217	190	190.5	2
218	190.5	191	2
219	191	191.5	-4
220	191.5	192	-3
221	192	194	3
222	194	194.5	0
223	194.5	195	9
224	195	195.5	0
225	195.5	196	-2
226	196	197	-3
227	198.5	199	5
228	199	199.5	0
229	199.5	200	-2
230	200	201	-3
231	202	202.5	5
232	202.5	203	-2
233	203	203.5	-4
234	203.5	204	-1
235	204	206	-2
236	206	206.5	4
237	206.5	207	-4
238	207	207.5	-3
239	207.5	208	3
240	208	210	0
241	210	210.5	0
242	210.5	211	9
243	211	211.5	0
244	211.5	212	-2
245	212	214	-3
246	214.5	215.5	5
247	215.5	216	-2
248	216	216.5	3
249	216.5	217	0
250	217	218	-1
251	218	219	-2
252	219	220	-3
253	220	224	-2
254	224	224.5	0
255	224.5	225.5	7
256	225.5	226	-2
257	226	226.5	2
258	226.5	227	-2
259	227	227.5	2
260	227.5	228	-2
261	228	229	-3
262	230	231	0
263	232.5	233	0
264	233	233.5	0
265	233.5	234	-4
266	234	234.5	4
267	234.5	235	-2
268	235	236	-2
269	236	237	2
270	238	239	0
271	240.5	241	0
272	241	241.5	0
273	241.5	242	-2
274	242	242.5	3
275	242.5	243	-3
276	243	243.5	-3
277	243.5	244	-2
278	244	245	9
279	246	247	0
280	248.5	249	0
281	249	249.5	0
282	249.5	250	-4
283	250	250.5	4
284	250.5	251	-2
285	251	252	-2
286	252	252.5	9
287	252.5	253.5	0
288	253.5	254	-2
289	254	254.5	-3
290	254.5	255	-4
291	255	255.5	-3
292	255.5	256	3
293	256	258	0
