#	Title	Chattanooga Choo-Choo
#	Title	Harry Warren, Mack Gordon - Chattanooga Choo-Choo.xml
1	0	0.75	4	4
2	0.75	1	5	4
3	1	1.75	6	4
4	1.75	2	7	4
5	2	4	7	4
6	4	4.75	7	4
7	4.75	5	7	4
8	5	5.75	9	4
9	5.75	6	11	4
10	6	6.75	0	5
11	6.75	7	2	5
12	7	7.75	0	5
13	7.75	8	4	4
14	8	8.5	9	4
15	8.5	10	7	4
16	10	12	7	4
17	12	13	7	4
18	13.75	14	9	4
19	14	14.75	9	4
20	14.75	15	7	4
21	15	15.75	4	4
22	15.75	16	2	4
23	16	18	2	4
24	18	20	2	4
25	20.5	21	9	4
26	21	21.5	9	4
27	21.5	22	9	4
28	22	22.5	9	4
29	22.5	23	7	4
30	23	23.5	4	4
31	23.5	24	0	4
32	24	28	0	4
33	28	29	0	4
34	32	32.75	4	4
35	32.75	33	5	4
36	33	33.75	6	4
37	33.75	34	7	4
38	34	36	7	4
39	36	36.75	7	4
40	36.75	37	7	4
41	37	37.75	9	4
42	37.75	38	11	4
43	38	38.75	0	5
44	38.75	39	2	5
45	39	39.75	0	5
46	39.75	40	4	4
47	40	40.5	9	4
48	40.5	42	7	4
49	42	44	7	4
50	44	45	7	4
51	45.75	46	9	4
52	46	46.75	9	4
53	46.75	47	7	4
54	47	47.75	4	4
55	47.75	48	2	4
56	48	50	2	4
57	50	52	2	4
58	52.5	53	9	4
59	53	53.5	9	4
60	53.5	54	9	4
61	54	54.5	9	4
62	54.5	55	7	4
63	55	55.5	4	4
64	55.5	56	0	4
65	56	60	0	4
66	60	61	0	4
67	61.5	62.5	0	5
68	62.5	63.5	0	5
69	63.5	64	0	5
70	64	64.75	0	5
71	64.75	65	9	4
72	65	65.75	5	4
73	65.75	66	0	4
74	66	66.75	10	4
75	66.75	67	7	4
76	67	67.75	4	4
77	67.75	68	0	4
78	68	68.75	5	4
79	68.75	69	7	4
80	69	69.75	9	4
81	69.75	70	0	5
82	70	71.5	0	5
83	71.5	72	0	5
84	72	72.75	0	5
85	72.75	73	9	4
86	73	73.75	5	4
87	73.75	74	0	4
88	74	74.75	10	4
89	74.75	75	7	4
90	75	75.75	4	4
91	75.75	76	0	4
92	76	76.75	5	4
93	76.75	77	7	4
94	77	77.75	9	4
95	77.75	78	0	5
96	78	79.5	0	5
97	79.5	80	5	5
98	80	80.75	5	5
99	80.75	81	5	5
100	81	81.75	4	5
101	81.75	82	5	5
102	82	82.5	4	5
103	82.5	83.5	2	5
104	83.5	84	0	5
105	84	84.75	0	5
106	84.75	85	0	5
107	85	85.75	11	4
108	85.75	86	0	5
109	86	86.5	10	4
110	86.5	87.5	9	4
111	87.5	88	8	4
112	88	88.75	8	4
113	88.75	89	8	4
114	89	89.75	8	4
115	89.75	90	8	4
116	90	90.75	8	4
117	90.75	91	5	4
118	91	91.75	2	4
119	91.75	92	11	3
120	92	92.5	8	4
121	92.5	93.5	8	4
122	93.5	94.5	8	4
123	94.5	95.5	7	4
124	95.5	96	0	5
125	96	96.75	0	5
126	96.75	97	9	4
127	97	97.75	5	4
128	97.75	98	0	4
129	98	98.75	10	4
130	98.75	99	7	4
131	99	99.75	4	4
132	99.75	100	0	4
133	100	100.75	5	4
134	100.75	101	7	4
135	101	101.75	9	4
136	101.75	102	0	5
137	102	103.5	0	5
138	103.5	104	0	5
139	104	104.75	0	5
140	104.75	105	9	4
141	105	105.75	5	4
142	105.75	106	0	4
143	106	106.75	10	4
144	106.75	107	7	4
145	107	107.75	4	4
146	107.75	108	0	4
147	108	108.75	5	4
148	108.75	109	7	4
149	109	109.75	9	4
150	109.75	110	0	5
151	110	111.5	0	5
152	111.5	112	5	5
153	112	112.75	5	5
154	112.75	113	5	5
155	113	113.75	4	5
156	113.75	114	5	5
157	114	114.5	4	5
158	114.5	115.5	2	5
159	115.5	116	0	5
160	116	116.75	0	5
161	116.75	117	0	5
162	117	117.75	11	4
163	117.75	118	0	5
164	118	118.5	10	4
165	118.5	119.5	9	4
166	120	120.5	8	4
167	120.5	121.5	8	4
168	121.5	122	8	4
169	122	122.75	8	4
170	122.75	123	5	4
171	123	123.75	2	4
172	123.75	124	11	3
173	124	124.75	8	4
174	124.75	125	5	4
175	125	125.75	7	4
176	125.75	126	5	4
177	126	127	5	4
178	128	128.75	4	4
179	128.75	129	5	4
180	129	129.75	6	4
181	129.75	130	7	4
182	130	132	7	4
183	132	132.75	7	4
184	132.75	133	7	4
185	133	133.75	9	4
186	133.75	134	11	4
187	134	134.75	0	5
188	134.75	135	2	5
189	135	135.75	0	5
190	135.75	136	4	4
191	136	136.5	9	4
192	136.5	138	7	4
193	138	140	7	4
194	140	141	7	4
195	141.75	142	9	4
196	142	142.75	9	4
197	142.75	143	7	4
198	143	143.75	4	4
199	143.75	144	2	4
200	144	146	2	4
201	146	148	2	4
202	148.5	149	9	4
203	149	149.5	9	4
204	149.5	150	9	4
205	150	150.5	9	4
206	150.5	151	7	4
207	151	151.5	4	4
208	151.5	152	0	4
209	152	156	0	4
210	156	157	0	4
211	160	160.75	4	4
212	160.75	161	5	4
213	161	161.75	6	4
214	161.75	162	7	4
215	162	164	7	4
216	164	164.75	7	4
217	164.75	165	7	4
218	165	165.75	9	4
219	165.75	166	11	4
220	166	166.75	0	5
221	166.75	167	2	5
222	167	167.75	0	5
223	167.75	168	9	4
224	168	168.5	7	4
225	168.5	169.5	5	4
226	169.5	170	0	5
227	170	172	0	5
228	172	174	0	5
229	175	176	2	5
230	176	176.75	4	5
231	176.75	177	3	5
232	177	177.75	2	5
233	177.75	178	0	5
234	178	178.5	4	5
235	178.5	179.5	0	5
236	179.5	180	4	5
237	180	180.5	4	5
238	180.5	181.5	0	5
239	181.5	182	4	5
240	182	182.75	4	5
241	182.75	183	3	5
242	183	183.75	2	5
243	183.75	184	0	5
244	184	188	0	5
245	188	189	0	5
246	196	196.75	4	4
247	196.75	197	5	4
248	197	197.75	6	4
249	197.75	198	7	4
250	198	200	7	4
251	200	200.75	7	4
252	200.75	201	7	4
253	201	201.75	9	4
254	201.75	202	11	4
255	202	202.75	0	5
256	202.75	203	2	5
257	203	203.75	0	5
258	203.75	204	4	4
259	204	204.5	9	4
260	204.5	206	7	4
261	206	208	7	4
262	208	209	7	4
263	209.75	210	9	4
264	210	210.75	9	4
265	210.75	211	7	4
266	211	211.75	4	4
267	211.75	212	2	4
268	212	214	2	4
269	214	216	2	4
270	216.5	217	9	4
271	217	217.5	9	4
272	217.5	218	9	4
273	218	218.5	9	4
274	218.5	219	7	4
275	219	219.5	4	4
276	219.5	220	0	4
277	220	224	0	4
278	224	225	0	4
279	228	228.75	4	4
280	228.75	229	5	4
281	229	229.75	6	4
282	229.75	230	7	4
283	230	232	7	4
284	232	232.75	7	4
285	232.75	233	7	4
286	233	233.75	9	4
287	233.75	234	11	4
288	234	234.75	0	5
289	234.75	235	2	5
290	235	235.75	0	5
291	235.75	236	4	4
292	236	236.5	9	4
293	236.5	238	7	4
294	238	240	7	4
295	240	241	7	4
296	241.75	242	9	4
297	242	242.75	9	4
298	242.75	243	7	4
299	243	243.75	4	4
300	243.75	244	2	4
301	244	246	2	4
302	246	248	2	4
303	248.5	249	9	4
304	249	249.5	9	4
305	249.5	250	9	4
306	250	250.5	9	4
307	250.5	251	7	4
308	251	251.5	4	4
309	251.5	252	0	4
310	252	256	0	4
311	256	257	0	4
312	257.5	258.5	0	5
313	258.5	259.5	0	5
314	259.5	260	0	5
315	260	260.75	0	5
316	260.75	261	9	4
317	261	261.75	5	4
318	261.75	262	0	4
319	262	262.75	10	4
320	262.75	263	7	4
321	263	263.75	4	4
322	263.75	264	0	4
323	264	264.75	5	4
324	264.75	265	7	4
325	265	265.75	9	4
326	265.75	266	0	5
327	266	267.5	0	5
328	267.5	268	0	5
329	268	268.75	0	5
330	268.75	269	9	4
331	269	269.75	5	4
332	269.75	270	0	4
333	270	270.75	10	4
334	270.75	271	7	4
335	271	271.75	4	4
336	271.75	272	0	4
337	272	272.75	5	4
338	272.75	273	7	4
339	273	273.75	9	4
340	273.75	274	0	5
341	274	275.5	0	5
342	275.5	276	5	5
343	276	276.75	5	5
344	276.75	277	5	5
345	277	277.75	4	5
346	277.75	278	5	5
347	278	278.5	4	5
348	278.5	279.5	2	5
349	279.5	280	0	5
350	280	280.75	0	5
351	280.75	281	0	5
352	281	281.75	11	4
353	281.75	282	0	5
354	282	282.5	10	4
355	282.5	283.5	9	4
356	283.5	284	8	4
357	284	284.75	8	4
358	284.75	285	8	4
359	285	285.75	8	4
360	285.75	286	8	4
361	286	286.75	8	4
362	286.75	287	5	4
363	287	287.75	2	4
364	287.75	288	11	3
365	288	288.5	8	4
366	288.5	289.5	8	4
367	289.5	290.5	8	4
368	290.5	291.5	7	4
369	291.5	292	0	5
370	292	292.75	0	5
371	292.75	293	9	4
372	293	293.75	5	4
373	293.75	294	0	4
374	294	294.75	10	4
375	294.75	295	7	4
376	295	295.75	4	4
377	295.75	296	0	4
378	296	296.75	5	4
379	296.75	297	7	4
380	297	297.75	9	4
381	297.75	298	0	5
382	298	299.5	0	5
383	299.5	300	0	5
384	300	300.75	0	5
385	300.75	301	9	4
386	301	301.75	5	4
387	301.75	302	0	4
388	302	302.75	10	4
389	302.75	303	7	4
390	303	303.75	4	4
391	303.75	304	0	4
392	304	304.75	5	4
393	304.75	305	7	4
394	305	305.75	9	4
395	305.75	306	0	5
396	306	307.5	0	5
397	307.5	308	5	5
398	308	308.75	5	5
399	308.75	309	5	5
400	309	309.75	4	5
401	309.75	310	5	5
402	310	310.5	4	5
403	310.5	311.5	2	5
404	311.5	312	0	5
405	312	312.75	0	5
406	312.75	313	0	5
407	313	313.75	11	4
408	313.75	314	0	5
409	314	314.5	10	4
410	314.5	315.5	9	4
411	316	316.5	8	4
412	316.5	317.5	8	4
413	317.5	318	8	4
414	318	318.75	8	4
415	318.75	319	5	4
416	319	319.75	2	4
417	319.75	320	11	3
418	320	320.75	8	4
419	320.75	321	5	4
420	321	321.75	7	4
421	321.75	322	5	4
422	322	323	5	4
423	324	324.75	4	4
424	324.75	325	5	4
425	325	325.75	6	4
426	325.75	326	7	4
427	326	328	7	4
428	328	328.75	7	4
429	328.75	329	7	4
430	329	329.75	9	4
431	329.75	330	11	4
432	330	330.75	0	5
433	330.75	331	2	5
434	331	331.75	0	5
435	331.75	332	4	4
436	332	332.5	9	4
437	332.5	334	7	4
438	334	336	7	4
439	336	337	7	4
440	337.75	338	9	4
441	338	338.75	9	4
442	338.75	339	7	4
443	339	339.75	4	4
444	339.75	340	2	4
445	340	342	2	4
446	342	344	2	4
447	344.5	345	9	4
448	345	345.5	9	4
449	345.5	346	9	4
450	346	346.5	9	4
451	346.5	347	7	4
452	347	347.5	4	4
453	347.5	348	0	4
454	348	352	0	4
455	352	353	0	4
456	356	356.75	4	4
457	356.75	357	5	4
458	357	357.75	6	4
459	357.75	358	7	4
460	358	360	7	4
461	360	360.75	7	4
462	360.75	361	7	4
463	361	361.75	9	4
464	361.75	362	11	4
465	362	362.75	0	5
466	362.75	363	2	5
467	363	363.75	0	5
468	363.75	364	9	4
469	364	364.5	7	4
470	364.5	365.5	5	4
471	365.5	366	0	5
472	366	368	0	5
473	368	370	0	5
474	371	372	2	5
475	372	372.75	4	5
476	372.75	373	3	5
477	373	373.75	2	5
478	373.75	374	0	5
479	374	374.5	4	5
480	374.5	375.5	0	5
481	375.5	376	4	5
482	376	376.5	4	5
483	376.5	377.5	0	5
484	377.5	378	4	5
485	378	378.75	4	5
486	378.75	379	3	5
487	379	379.75	2	5
488	379.75	380	0	5
489	380	384	0	5
490	384	385	0	5
491	395.75	396	4	5
492	396	396.75	4	5
493	396.75	397	3	5
494	397	397.75	2	5
495	397.75	398	0	5
496	398	398.5	4	5
497	398.5	399.5	0	5
498	399.5	400	4	5
499	400	400.5	4	5
500	400.5	401.5	0	5
501	401.5	402	4	5
502	402	402.75	4	5
503	402.75	403	3	5
504	403	403.75	2	5
505	403.75	404	0	5
506	404	406	0	5
507	406	408	0	5
508	408	409	0	5
