#	Title	Maybe an angel
#	Title	Heather Nova - Maybe an angel.xml
1	16.75	17	0	4
2	17	17.25	0	4
3	17.25	17.75	0	4
4	17.75	18	0	4
5	18	19	0	4
6	19	19.25	0	4
7	19.25	19.5	0	4
8	19.5	20	0	4
9	20	21	11	3
10	21	21.5	11	3
11	21.5	21.75	9	3
12	21.75	22	9	3
13	22	23	9	3
14	25	26	0	4
15	26	27.5	0	4
16	27.5	27.75	2	4
17	27.75	28	0	4
18	28	30	0	4
19	32.75	33	0	4
20	33	33.25	0	4
21	33.25	33.75	0	4
22	33.75	34	0	4
23	34	35	0	4
24	35	35.3333	0	4
25	35.3333	35.6667	0	4
26	35.6667	36	0	4
27	36	37	11	3
28	37	37.5	11	3
29	37.5	37.75	9	3
30	37.75	38	9	3
31	38	39	9	3
32	41	42	0	4
33	42	43.5	0	4
34	43.5	43.75	2	4
35	43.75	44	0	4
36	44	46	0	4
37	48.75	49	2	4
38	49	49.25	5	4
39	49.25	49.75	5	4
40	49.75	50	5	4
41	50	50.5	5	4
42	51	51.25	5	4
43	51.25	51.75	5	4
44	51.75	52	4	4
45	52	52.25	4	4
46	52.25	53	7	4
47	55.75	56	7	4
48	56	56.5	5	5
49	56.5	57	5	5
50	57	57.5	5	5
51	57.5	57.75	4	5
52	57.75	58	4	5
53	58	58.5	4	5
54	58.5	59	0	5
55	59	59.5	0	5
56	59.5	59.75	9	4
57	59.75	60	7	4
58	61.5	62	4	5
59	62	63	4	5
60	63	63.25	2	5
61	63.25	64	0	5
62	66	66.25	0	4
63	66.25	67	2	4
64	67	67.5	4	4
65	67.5	68	7	4
66	68	71	7	4
67	71	71.5	4	4
68	71.5	72	2	4
69	73	73.25	4	4
70	73.25	73.5	4	4
71	73.5	73.75	4	4
72	73.75	74	4	4
73	74	74.25	4	4
74	74.25	75	2	4
75	75	76	2	4
76	77.75	78	7	3
77	78	78.25	0	4
78	78.25	78.75	0	4
79	78.75	79	0	4
80	79	79.25	0	4
81	79.25	79.5	10	3
82	79.5	80	0	4
83	82	82.25	0	4
84	82.25	83	2	4
85	83	83.5	4	4
86	83.5	84	9	4
87	84	87	9	4
88	87	87.5	4	4
89	87.5	88	2	4
90	89	89.25	4	4
91	89.25	89.5	4	4
92	89.5	89.75	4	4
93	89.75	90	4	4
94	90	90.75	4	4
95	90.75	91	2	4
96	91	92	2	4
97	93.75	94	7	3
98	94	94.25	0	4
99	94.25	94.75	0	4
100	94.75	95	0	4
101	95	95.25	0	4
102	95.25	95.5	10	3
103	95.5	96	0	4
104	112.75	113	7	4
105	113	113.25	7	4
106	113.25	113.75	7	4
107	113.75	114	7	4
108	114	115	7	4
109	115.25	116	9	4
110	116	117	9	4
111	117	117.75	4	4
112	117.75	118	2	4
113	118	119	4	4
114	121	122	8	4
115	122	123.5	8	4
116	123.5	123.75	8	4
117	123.75	124	7	4
118	124	126	7	4
119	128.75	129	7	4
120	129	129.25	7	4
121	129.25	129.75	7	4
122	129.75	130	7	4
123	130	131	7	4
124	131.25	132	7	4
125	132	133	7	4
126	133	133.75	9	4
127	133.75	134	4	4
128	134	135	4	4
129	137	138	8	4
130	138	139.5	8	4
131	139.5	139.75	8	4
132	139.75	140	7	4
133	140	142	7	4
134	144.75	145	2	4
135	145	145.25	5	4
136	145.25	145.75	5	4
137	145.75	146	5	4
138	146	146.5	5	4
139	147	147.25	5	4
140	147.25	147.75	5	4
141	147.75	148	4	4
142	148	148.25	4	4
143	148.25	149	7	4
144	151.75	152	7	4
145	152	152.5	5	5
146	152.5	153	5	5
147	153	153.5	5	5
148	153.5	153.75	4	5
149	153.75	154	4	5
150	154	154.5	4	5
151	154.5	155	0	5
152	155	155.5	0	5
153	155.5	155.75	9	4
154	155.75	156	7	4
155	157.5	158	4	5
156	158	159	4	5
157	159	159.25	2	5
158	159.25	160	0	5
159	162	162.25	0	4
160	162.25	163	2	4
161	163	163.5	4	4
162	163.5	164	7	4
163	164	167	7	4
164	167	167.5	4	4
165	167.5	168	2	4
166	169	169.25	4	4
167	169.25	169.5	4	4
168	169.5	169.75	4	4
169	169.75	170	4	4
170	170	170.25	4	4
171	170.25	171	2	4
172	171	172	2	4
173	173.75	174	7	3
174	174	174.25	0	4
175	174.25	174.75	0	4
176	174.75	175	0	4
177	175	175.25	0	4
178	175.25	175.5	10	3
179	175.5	176	0	4
180	178	178.25	0	4
181	178.25	179	2	4
182	179	179.5	4	4
183	179.5	180	9	4
184	180	183	9	4
185	183	183.5	4	4
186	183.5	184	2	4
187	185	185.25	4	4
188	185.25	185.5	4	4
189	185.5	185.75	4	4
190	185.75	186	4	4
191	186	186.75	4	4
192	186.75	187	2	4
193	187	188	2	4
194	189.75	190	7	3
195	190	190.25	0	4
196	190.25	190.75	0	4
197	190.75	191	0	4
198	191	191.25	0	4
199	191.25	191.5	10	3
200	191.5	192	0	4
201	193	194	4	4
202	194	195	4	4
203	195	196	4	4
204	196	196.5	4	4
205	196.5	197	9	4
206	197	199	9	4
207	200.75	201	3	4
208	201	201.25	3	4
209	201.25	201.5	3	4
210	201.5	202	3	4
211	202	202.25	3	4
212	202.25	202.5	2	4
213	202.5	203	0	4
214	203	203.25	2	4
215	203.25	204	0	4
216	204	206	0	4
217	209	210	4	4
218	210	211	4	4
219	211	212	4	4
220	212	212.5	4	4
221	212.5	213	9	4
222	213	215	9	4
223	217	218	0	4
224	218	219.5	0	4
225	219.5	219.75	2	4
226	219.75	220	0	4
227	220	222	0	4
228	224.75	225	0	4
229	225	225.25	5	4
230	225.25	225.75	5	4
231	225.75	226	5	4
232	226	226.5	5	4
233	227	227.25	5	4
234	227.25	227.75	5	4
235	227.75	228	4	4
236	228	228.25	4	4
237	228.25	229	7	4
238	231.75	232	7	4
239	232	232.5	5	5
240	232.5	233	5	5
241	233	233.5	5	5
242	233.5	233.75	4	5
243	233.75	234	4	5
244	234	234.5	4	5
245	234.5	235	0	5
246	235	235.5	0	5
247	235.5	235.75	9	4
248	235.75	236	7	4
249	237.5	238	4	5
250	238	239	4	5
251	239	239.25	2	5
252	239.25	240	0	5
253	242	242.25	0	4
254	242.25	243	2	4
255	243	243.5	4	4
256	243.5	244	7	4
257	244	247	7	4
258	247	247.5	4	4
259	247.5	248	2	4
260	249	249.25	4	4
261	249.25	249.5	4	4
262	249.5	249.75	4	4
263	249.75	250	4	4
264	250	250.25	4	4
265	250.25	251	2	4
266	251	252	2	4
267	253.75	254	7	3
268	254	254.25	0	4
269	254.25	254.75	0	4
270	254.75	255	0	4
271	255	255.25	0	4
272	255.25	255.5	10	3
273	255.5	256	0	4
274	258	258.25	0	4
275	258.25	259	2	4
276	259	259.5	4	4
277	259.5	260	9	4
278	260	263	9	4
279	263	263.5	4	4
280	263.5	264	2	4
281	265	265.25	4	4
282	265.25	265.5	4	4
283	265.5	265.75	4	4
284	265.75	266	4	4
285	266	266.75	4	4
286	266.75	267	2	4
287	267	268	2	4
288	269.75	270	7	3
289	270	270.25	0	4
290	270.25	270.75	0	4
291	270.75	271	0	4
292	271	271.25	0	4
293	271.25	271.5	10	3
294	271.5	272	0	4
295	273	274	4	4
296	274	275	4	4
297	275	276	4	4
298	276	276.5	4	4
299	276.5	277	9	4
300	277	279	9	4
301	281	281.25	4	4
302	281.25	281.5	4	4
303	281.5	281.75	4	4
304	281.75	282	4	4
305	282	282.25	4	4
306	282.25	283	2	4
307	283	284	2	4
308	290	290.25	0	4
309	290.25	291	2	4
310	291	291.5	4	4
311	291.5	292	9	4
312	292	295	9	4
313	297	297.25	4	4
314	297.25	297.5	4	4
315	297.5	297.75	4	4
316	297.75	298	4	4
317	298	298.75	4	4
318	298.75	299	2	4
319	299	300	2	4
320	301	302	0	4
321	302	303.5	0	4
322	303.5	303.75	2	4
323	303.75	304	0	4
324	304	306	0	4
