1	12	13	#
2	13	14	8
3	14	15	-3
4	15	16	2
5	16	17	-6
6	17	18	-1
7	18	19	0
8	19	20	8
9	20	21	-3
10	21	22	2
11	22	23	-6
12	23	24	-1
13	24	25	0
14	25	26	5
15	26	27	3
16	27	28	4
17	28	29.5	-2
18	29.5	30	-2
19	30	31	-1
20	31	32	1
21	32	33	-3
22	33	36	2
23	36	37	-7
24	37	38	8
25	38	39	-3
26	39	40	2
27	40	41	-6
28	41	42	-1
29	42	43	0
30	43	44	8
31	44	45	-3
32	45	46	2
33	46	47	-6
34	47	48	-1
35	48	49	0
36	49	50	5
37	50	51	3
38	51	52	4
39	52	53.5	-2
40	53.5	54	-2
41	54	55	-1
42	55	56	1
43	56	57	-3
44	57	59	7
45	59	59.5	0
46	59.5	60	0
47	60	61	0
48	61	62	1
49	62	63	2
50	63	63.5	2
51	63.5	64	-4
52	64	65.5	-3
53	65.5	66	0
54	66	67	0
55	67	68	2
56	68	69	1
57	69	69.5	2
58	69.5	70	-3
59	70	71.5	-4
60	71.5	72	0
61	72	73	2
62	73	74	-2
63	74	75	2
64	75	76	2
65	76	77	-4
66	77	78	-3
67	78	79	3
68	79	80	-1
69	80	81	-2
70	81	83	7
71	84	85	-12
72	85	86	8
73	86	87	-3
74	87	88	2
75	88	89	-6
76	89	90	-1
77	90	91	0
78	91	92	8
79	92	93	-3
80	93	94	2
81	94	95	-6
82	95	96	-1
83	96	97	0
84	97	98	5
85	98	99	3
86	99	100	4
87	100	101.5	-2
88	101.5	102	-2
89	102	103	-1
90	103	104	1
91	104	105	-3
92	105	107	7
93	107	107.5	0
94	107.5	108	0
95	108	109	0
96	109	110	1
97	110	111	2
98	111	113	2
99	113	113.5	-4
100	113.5	114	-1
101	114	115	-2
102	115	116	2
103	116	117	1
104	117	119	2
105	119	120	-7
106	120	121	2
107	121	122	-2
108	122	123	2
109	123	123.5	2
110	123.5	124	-4
111	124	125	-3
112	125	126	-2
113	126	126.5	-2
114	126.5	127	7
115	127	128	-3
116	128	129	-1
117	129	132	1
118	132	133	-5
119	133	134	8
120	134	135	-3
121	135	136	2
122	136	137	-6
123	137	138	-1
124	138	139	0
125	139	140	8
126	140	141	-3
127	141	142	2
128	142	143	-6
129	143	144	-1
130	144	145	0
131	145	146	5
132	146	147	3
133	147	148	4
134	148	149	-2
135	149.5	150	-2
136	150	151	-1
137	151	152	1
138	152	153	-3
139	153	156	2
140	156	156.5	5
141	156.5	157	0
142	157	157.5	0
143	157.5	158	0
144	158	158.5	0
145	158.5	159	0
146	159	159.5	0
147	159.5	160	0
148	160	160.5	0
149	160.5	161	0
150	161	161.5	0
151	161.5	162	0
152	162	162.5	0
153	162.5	163	0
154	163	163.5	0
155	163.5	164	0
156	164	164.5	0
157	164.5	165	0
158	165	165.5	0
159	165.5	166	0
160	166	166.5	0
161	166.5	167	0
162	167	167.5	0
163	167.5	168	0
164	168	168.5	0
165	168.5	169	0
166	169	169.5	0
167	169.5	170	0
168	170	170.5	0
169	170.5	171	0
170	171	171.5	1
171	171.5	172	0
172	172	172.5	0
173	172.5	173	0
174	173	173.5	0
175	173.5	174	0
176	174	174.5	4
177	174.5	175	0
178	175	175.5	0
179	175.5	176	0
180	176	176.5	0
181	176.5	177	0
182	177	179	-1
183	179	179.5	-4
184	179.5	180	0
185	180	181	0
186	181	182	1
187	182	183	2
188	183	185	2
189	185	185.5	-4
190	185.5	186	-1
191	186	186.5	-2
192	186.5	187	-7
193	187	187.5	9
194	187.5	188	-9
195	188	188.5	10
196	188.5	189	-10
197	189	191	12
198	191	192	-7
199	192	193	2
200	193	194	-2
201	194	195	2
202	195	195.5	2
203	195.5	196	-12
204	196	196.5	8
205	196.5	197	-8
206	197	198	5
207	198	199	3
208	199	200	-1
209	200	201	-2
210	203	204	-5
211	204	205	0
212	205	206	8
213	206	207	-3
214	207	208	2
215	208	209	-6
216	209	210	-1
217	210	211	0
218	211	212	8
219	212	213	-3
220	213	215	2
221	215	216	-7
222	216	217	0
223	217	218	5
224	218	219	3
225	219	220	4
226	220	221.5	-2
227	221.5	222	-2
228	222	223	-1
229	223	224	1
230	224	225	-3
231	225	227	2
232	228	229	-7
233	229	230	8
234	230	231	-3
235	231	232	2
236	232	233	-6
237	233	234	-1
238	234	235	0
239	235	236	8
240	236	237	-3
241	237	238	2
242	238	239	-6
243	239	240	-1
244	240	241	0
245	241	242	5
246	242	243	3
247	243	244	4
248	244	245.5	-2
249	245.5	246	-2
250	246	247	-1
251	247	248	1
252	248	249	-3
253	249	251	7
254	251	251.5	0
255	251.5	252	0
256	252	253	0
257	253	254	1
258	254	255	2
259	255	255.5	2
260	255.5	256	-4
261	256	257.5	-3
262	257.5	258	0
263	258	259	0
264	259	260	2
265	260	261	1
266	261	261.5	2
267	261.5	262	-3
268	262	263.5	-4
269	263.5	264	0
270	264	265	2
271	265	266	-2
272	266	267	2
273	267	268	2
274	268	269	-4
275	269	270	-3
276	270	271	3
277	271	272	-1
278	272	273	-2
279	273	275	7
280	276	277	-12
281	277	278	8
282	278	279	-3
283	279	280	2
284	280	281	-6
285	281	282	-1
286	282	283	0
287	283	284	8
288	284	285	-3
289	285	286	2
290	286	287	-6
291	287	288	-1
292	288	289	0
293	289	290	5
294	290	291	3
295	291	292	4
296	292	293.5	-2
297	293.5	294	-2
298	294	295	-1
299	295	296	1
300	296	297	-3
301	297	299	7
302	299	299.5	0
303	299.5	300	0
304	300	301	0
305	301	302	1
306	302	303	2
307	303	305	2
308	305	305.5	-4
309	305.5	306	-1
310	306	307	-2
311	307	308	2
312	308	309	1
313	309	311	2
314	311	312	-7
315	312	313	2
316	313	314	-2
317	314	315	2
318	315	315.5	2
319	315.5	316	-4
320	316	317	-3
321	317.5	318	-5
322	318	318.5	1
323	318.5	319	7
324	319	320	4
325	320	321	0
326	321	324	5
