1	3	4	#
2	4	4.5	0
3	4.5	5	0
4	5	5.5	0
5	5.5	6	0
6	6	6.5	0
7	6.5	7	-1
8	7	7.5	-2
9	7.5	8	2
10	8	9	1
11	9	12	0
12	12	12.5	2
13	12.5	13	0
14	13	13.5	0
15	13.5	14	0
16	14	15	0
17	15	15.5	-2
18	15.5	16	2
19	16	20	2
20	20	20.5	0
21	20.5	21	0
22	21	21.5	0
23	21.5	22	0
24	22	22.5	0
25	22.5	23	0
26	23	23.5	-2
27	23.5	24	-2
28	24	25	4
29	25	27	0
30	27	27.5	-2
31	27.5	28	2
32	28	29	1
33	29	29.5	-3
34	29.5	30	-2
35	30	31	-1
36	31	31.5	1
37	31.5	32	2
38	32	35	-2
39	37	38	7
40	38	39	-2
41	39	40	-1
42	40	44	0
43	44	45	0
44	45	45.5	3
45	45.5	46	0
46	46	47	-2
47	47	48	-1
48	48	52	-2
49	52	53	0
50	53	54	3
51	54	55.5	0
52	55.5	56	-1
53	56	57.5	0
54	57.5	58	-2
55	58	60	0
56	60	61	0
57	61	62	2
58	62	63.5	0
59	63.5	64	-2
60	64	68	2
61	68	69	0
62	69	70	3
63	70	71	-2
64	71	72	-1
65	72	76	0
66	76	77	0
67	77	78	3
68	78	79	-2
69	79	80	-1
70	80	84	-2
71	84	85	0
72	85	85.5	3
73	85.5	86	0
74	86	87.5	0
75	87.5	88	0
76	88	89.5	-1
77	89.5	90	-2
78	90	92	0
79	93	94	2
80	94	95	0
81	95	96	0
82	96	100	-4
83	100	103	0
84	103	104	7
85	104	107	0
86	107	108	-3
87	108	111	5
88	111	112	-2
89	112	116	-5
90	116	119	0
91	119	120	-2
92	120	123	9
93	123	124	3
94	124	127	-10
95	127	128	9
96	128	132	-7
97	132	135	0
98	135	136	8
99	136	139	0
100	139	140	0
101	140	144	0
102	145	147	2
103	147	148	-2
104	148	150	2
105	150	151	-2
106	151	152	-3
107	152	156	-2
108	156	158	2
109	158	160	2
110	160	162	1
111	162	164	2
112	164	168	2
113	168	171	0
114	171	172	-4
115	172	175	4
116	175	176	-2
117	176	179	3
118	179	180	-1
119	180	184	0
120	184	187	0
121	187	187.5	-4
122	187.5	188	2
123	188	191	2
124	191	192	-2
125	192	195	3
126	195	196	-1
127	196	200	0
128	200	203	0
129	203	203.5	-9
130	203.5	204	0
131	204	205	14
132	205	207	-2
133	207	207.5	-12
134	207.5	208	0
135	208	209	10
136	209	211	-1
137	211	211.5	-4
138	211.5	212	4
139	212	216	-2
140	216	219	0
141	219	219.5	-7
142	219.5	220	0
143	220	221	14
144	221	223	-2
145	223	224	-12
146	224	225	10
147	225	227	-1
148	227	228	-2
149	228	232	2
150	232	235	0
151	235	235.5	-9
152	235.5	236	0
153	236	239	12
154	239	240	0
155	240	243	0
156	243	244	2
157	244	248	-7
158	248	250	0
159	250.5	251	-7
160	251	251.5	0
161	251.5	252	0
162	252	255	12
163	255	256	0
164	256	259	0
165	259	260	2
166	260	264	-7
167	264	268	0
168	268	272	10
169	272	275	-1
170	275	276	-2
171	276	280	-7
172	280	283	0
173	283	284	0
174	284	288	3
175	288	291	-1
176	291	292	0
177	292	296	-4
178	296	297	0
179	297	298	-5
180	298	299	-2
181	299	300	-1
182	300	304	0
183	304	305	0
184	305	305.5	3
185	305.5	306	0
186	306	307	-2
187	307	308	-1
188	308	312	-2
189	312	313	0
190	313	314	3
191	314	315.5	0
192	315.5	316	-1
193	316	317.5	0
194	317.5	318	-2
195	318	320	0
196	320	321	0
197	321	322	2
198	322	323.5	0
199	323.5	324	-2
200	324	328	2
201	328	329	0
202	329	330	3
203	330	331	-2
204	331	332	-1
205	332	336	0
206	336	337	0
207	337	338	3
208	338	339	-2
209	339	340	-1
210	340	344	-2
211	344	345	0
212	345	345.5	3
213	345.5	346	0
214	346	347.5	0
215	347.5	348	0
216	348	349.5	-1
217	349.5	350	-2
218	350	352	0
219	353	354	2
220	354	355	0
221	355	356	0
222	356	360	-4
223	360	363	0
224	363	364	7
225	364	367	0
226	367	368	-3
227	368	371	5
228	371	372	-2
229	372	376	-5
230	376	379	0
231	379	380	-2
232	380	383	9
233	383	384	3
234	384	387	-10
235	387	388	9
236	388	392	-7
237	392	395	0
238	395	396	8
239	396	399	0
240	399	400	0
241	400	404	0
242	405	407	2
243	407	408	-2
244	408	410	2
245	410	411	-2
246	411	412	-3
247	412	416	-2
248	416	418	2
249	418	420	2
250	420	422	1
251	422	424	2
252	424	428	2
253	428	431	0
254	431	432	-4
255	432	435	4
256	435	436	-2
257	436	439	3
258	439	440	-1
259	440	444	0
260	444	447	0
261	447	447.5	-4
262	447.5	448	2
263	448	451	2
264	451	452	-2
265	452	455	3
266	455	456	-1
267	456	460	0
268	460	463	0
269	463	463.5	-9
270	463.5	464	0
271	464	465	14
272	465	467	-2
273	467	467.5	-12
274	467.5	468	0
275	468	469	10
276	469	471	-1
277	471	471.5	-4
278	471.5	472	4
279	472	476	-2
280	476	479	0
281	479	479.5	-7
282	479.5	480	0
283	480	481	14
284	481	483	-2
285	483	484	-12
286	484	485	10
287	485	487	-1
288	487	488	-2
289	488	492	2
290	492	495	0
291	495	495.5	-9
292	495.5	496	0
293	496	499	12
294	499	500	0
295	500	503	0
296	503	504	2
297	504	508	-7
298	508	510	0
299	510.5	511	-7
300	511	511.5	0
301	511.5	512	0
302	512	515	12
303	515	516	0
304	516	519	0
305	519	520	2
306	520	524	-7
307	524	528	0
308	528	532	10
309	532	535	-1
310	535	536	-2
311	536	540	-7
312	540	543	0
313	543	544	0
314	544	548	3
315	548	551	-1
316	551	552	0
317	552	556	-4
318	556	557	0
319	557	558	-5
320	558	559	-2
321	559	560	-1
322	560	564	-4
323	564	567	0
