#	Title	Grass is Greener
#	Title	Howlett Smith - Grass is Greener.xml
1	24	26	0	5
2	26	27	7	4
3	27	29	0	5
4	29	30	5	5
5	30	32	4	5
6	32	33	0	5
7	33	34	2	5
8	34	36	9	4
9	36	37	9	4
10	37	38	0	5
11	38	39	7	4
12	39	41	0	5
13	41	42	5	5
14	42	43	4	5
15	43	45	0	5
16	45	46.5	5	5
17	46.5	47	4	5
18	47	47.5	2	5
19	47.5	48	0	5
20	48	51	2	5
21	51	54	2	5
22	54	57	2	5
23	57	59	2	5
24	59	60	4	5
25	60	60.5	1	5
26	60.5	61	11	4
27	61	63	9	4
28	63	65	9	4
29	65	66	4	5
30	66	66.5	1	5
31	66.5	67	11	4
32	67	69	9	4
33	69	72	9	4
34	72	74	4	5
35	74	75	2	5
36	75	77	0	5
37	77	78	7	5
38	78	78.5	4	5
39	78.5	79	2	5
40	79	81	0	5
41	81	84	0	5
42	84	85	7	5
43	85	86	8	5
44	86	87	7	5
45	87	88	7	5
46	88	89	5	5
47	89	90	3	5
48	90	93	2	5
49	93	95	4	5
50	95	96	0	5
51	96	99	2	5
52	99	102	2	5
53	102	105	2	5
54	105	107	2	5
55	107	108	4	5
56	108	110	0	5
57	110	111	7	4
58	111	113	0	5
59	113	114	5	5
60	114	116	4	5
61	116	117	0	5
62	117	118	2	5
63	118	120	9	4
64	120	121	9	4
65	121	122	0	5
66	122	123	7	4
67	123	125	0	5
68	125	126	5	5
69	126	127	4	5
70	127	128	0	5
71	128	129	2	5
72	129	130.5	5	5
73	130.5	131	4	5
74	131	131.5	2	5
75	131.5	132	0	5
76	132	135	2	5
77	135	138	2	5
78	138	141	2	5
79	141	143	2	5
80	143	143.5	4	5
81	143.5	144	2	5
82	144	146	0	5
83	146	146.5	2	5
84	146.5	147	4	5
85	147	149	0	5
86	149	149.5	2	5
87	149.5	150	4	5
88	150	151	0	5
89	151	152	2	5
90	152	153	4	5
91	153	155	0	5
92	155	155.5	2	5
93	155.5	156	4	5
94	156	158	7	5
95	158	159	4	5
96	159	160	0	5
97	160	162	9	4
98	162	164	7	5
99	164	165	4	5
100	165	167	0	5
101	167	168	9	4
102	168	171	0	5
103	171	174	0	5
104	174	177	0	5
105	177	180	0	5
