1	0	0.5	#
2	1	1.5	-2
3	1.5	2	-2
4	2	3	0
5	4	5	4
6	5	5.5	-2
7	5.5	6	-2
8	6	6.5	2
9	6.5	8	2
10	8	9.5	1
11	9.5	10	-1
12	10	10.5	-2
13	10.5	12	2
14	12	13	-7
15	13	13.5	12
16	13.5	14	0
17	14	14.5	0
18	14.5	16	3
19	16	17	-8
20	17	17.5	-2
21	17.5	18	-2
22	18	19	0
23	20	21	4
24	21	21.5	-2
25	21.5	22	-2
26	22	22.5	2
27	22.5	24	2
28	24	25.5	1
29	25.5	26	-1
30	26	26.5	-2
31	26.5	28	2
32	28.5	29	5
33	29	29.5	-5
34	29.5	30	-1
35	30	30.5	-1
36	30.5	32	-2
37	32	32.5	4
38	33	33.5	-2
39	33.5	34	-2
40	34	35	0
41	36	37	4
42	37	37.5	-2
43	37.5	38	-2
44	38	38.5	2
45	38.5	40	2
46	40	41.5	1
47	41.5	42	-1
48	42	42.5	-2
49	42.5	44	2
50	44	45	-7
51	45	45.5	12
52	45.5	46	0
53	46	46.5	0
54	46.5	48	3
55	48	49	-8
56	49	49.5	-2
57	49.5	50	-2
58	50	51	0
59	52	53	4
60	53	53.5	-2
61	53.5	54	-2
62	54	54.5	2
63	54.5	56	2
64	56	57.5	1
65	57.5	58	-1
66	58	58.5	-2
67	58.5	60	2
68	60.5	61	5
69	61	61.5	-5
70	61.5	62	-1
71	62	62.5	-1
72	62.5	64	-2
73	64.5	65	9
74	65	65.5	-5
75	65.5	66	-1
76	66	66.5	-1
77	66.5	68	-2
78	71.5	72	4
79	72	72.5	5
80	72.5	73	0
81	73	73.5	0
82	73.5	74	0
83	74	74.5	0
84	74.5	76	2
85	76	79	1
86	79.5	80	-8
87	80	80.5	5
88	80.5	81	0
89	81	81.5	0
90	81.5	82	0
91	82	82.5	0
92	82.5	84	2
93	84	87	1
94	87.5	88	0
95	88	88.5	-1
96	88.5	89	0
97	89	89.5	0
98	89.5	90	0
99	90	90.5	0
100	90.5	92	0
101	92	95	0
102	95.5	96	0
103	96	98	1
104	98.5	99	4
105	99	99.5	0
106	99.5	100	-1
107	100	100.5	-1
108	100.5	101	-2
109	101	103	-3
110	103.5	104	-5
111	104	104.5	5
112	104.5	105	0
113	105	105.5	0
114	105.5	106	0
115	106	106.5	0
116	106.5	108	2
117	108	111	1
118	111.5	112	-8
119	112	112.5	5
120	112.5	113	0
121	113	113.5	0
122	113.5	114	0
123	114	114.5	0
124	114.5	116	2
125	116	119	1
126	119.5	120	0
127	120	120.5	-1
128	120.5	121	0
129	121	121.5	0
130	121.5	122	0
131	122	122.5	0
132	122.5	124	0
133	124	127	1
134	127.5	128	-1
135	128	130	1
136	130.5	131	4
137	131	131.5	0
138	131.5	132	0
139	134	134.5	-4
140	134.5	136.5	-3
141	136	138	-5
142	138	138.5	-2
143	138.5	139	-2
144	139	140	0
145	140	141	4
146	141	141.5	-2
147	141.5	142	-2
148	142	142.5	2
149	142.5	144	2
150	144	145.5	1
151	145.5	146	-1
152	146	146.5	-2
153	146.5	148	2
154	148.5	149	0
155	149	149.5	5
156	149.5	150	-2
157	150	150.5	2
158	150.5	152	3
159	152	153	-8
160	153	153.5	-2
161	153.5	154	-2
162	154	155	0
163	156	157	4
164	157	157.5	-2
165	157.5	158	-2
166	158	158.5	2
167	158.5	160	2
168	160	161.5	1
169	161.5	162	-1
170	162	162.5	-2
171	162.5	164	2
172	164.5	165	5
173	165	165.5	-5
174	165.5	166	-1
175	166	166.5	-1
176	166.5	167.5	-2
177	167.5	168	4
178	168	168.5	5
179	168.5	169	0
180	169	169.5	0
181	169.5	170	0
182	170	170.5	0
183	170.5	172	2
184	172	175	1
185	175.5	176	-8
186	176	176.5	5
187	176.5	177	0
188	177	177.5	0
189	177.5	178	0
190	178	178.5	0
191	178.5	180	2
192	180	183	1
193	183.5	184	0
194	184	184.5	-1
195	184.5	185	0
196	185	185.5	0
197	185.5	186	0
198	186	186.5	0
199	186.5	188	0
200	188	191	0
201	191.5	192	0
202	192	194	1
203	194.5	195	4
204	195	195.5	0
205	195.5	196	-1
206	196	196.5	-1
207	196.5	197	-2
208	197	199	-3
209	199.5	200	-5
210	200	200.5	5
211	200.5	201	0
212	201	201.5	0
213	201.5	202	0
214	202	202.5	0
215	202.5	204	2
216	204	207	1
217	207.5	208	-8
218	208	208.5	5
219	208.5	209	0
220	209	209.5	0
221	209.5	210	0
222	210	210.5	0
223	210.5	212	2
224	212	215	1
225	215.5	216	0
226	216	216.5	-1
227	216.5	217	0
228	217	217.5	0
229	217.5	218	0
230	218	218.5	0
231	218.5	220	0
232	220	223	1
233	223.5	224	-1
234	224	226	1
235	226.5	227	4
236	227	227.5	0
237	227.5	228	0
238	230	230.5	-4
239	230.5	232.5	-3
240	232	234	-5
241	234	234.5	-2
242	234.5	235	-2
243	235	236	0
244	236	237	4
245	237	237.5	-2
246	237.5	238	-2
247	238	238.5	2
248	238.5	240	2
249	240	241.5	1
250	241.5	242	-1
251	242	242.5	-2
252	242.5	244	2
253	244.5	245	0
254	245	245.5	5
255	245.5	246	-2
256	246	246.5	2
257	246.5	248	3
258	248	249	-8
259	249	249.5	-2
260	249.5	250	-2
261	250	251	0
262	252	253	4
263	253	253.5	-2
264	253.5	254	-2
265	254	254.5	2
266	254.5	256	2
267	256	257.5	1
268	257.5	258	-1
269	258	258.5	-2
270	258.5	260	2
271	260.5	261	5
272	261	261.5	-5
273	261.5	262	-1
274	262	262.5	-1
275	262.5	263.5	-2
276	263.5	264	4
277	264.5	265	-1
278	265	265.5	-1
279	265.5	266	-2
280	266	267	-3
