#	Title	Alexanders Ragtime Band
#	Title	Irving Berlin - Alexanders Ragtime Band.xml
1	2.5	3	8	4
2	3	3.5	9	4
3	3.5	4	8	4
4	4	6	9	4
5	6	7	8	4
6	7	7.5	9	4
7	7.5	8	8	4
8	8	11	9	4
9	11	11.5	9	4
10	11.5	12	8	4
11	12	13	9	4
12	13	14	7	4
13	14	15	4	4
14	15	16	0	4
15	16	18	5	4
16	18	19	1	5
17	19	19.5	2	5
18	19.5	20	1	5
19	20	22	2	5
20	22	23	1	5
21	23	23.5	2	5
22	23.5	24	1	5
23	24	27	2	5
24	27	27.5	2	5
25	27.5	28	1	5
26	28	29	2	5
27	29	30	10	4
28	30	31	5	4
29	31	32	10	4
30	32	35	2	5
31	35	35.5	9	4
32	35.5	36	10	4
33	36	36.5	0	5
34	36.5	37	0	5
35	37	37.5	2	5
36	37.5	38	9	4
37	38	39	0	5
38	39	39.5	2	5
39	39.5	40	9	4
40	40	40.5	0	5
41	40.5	41	0	5
42	41	41.5	2	5
43	41.5	42	9	4
44	42	43	0	5
45	44	45	5	4
46	45	45.5	9	4
47	45.5	46	0	4
48	46	47	5	4
49	47	47.5	9	4
50	47.5	48	0	4
51	48	48.5	5	4
52	48.5	49	5	4
53	49	49.5	9	4
54	49.5	50	0	4
55	50	51	5	4
56	52	53	7	4
57	53	55	7	4
58	55	56	9	4
59	56	57	11	4
60	57	58	7	4
61	58	59	9	4
62	59	60	11	4
63	60	64	0	5
64	64	64.5	10	4
65	64.5	65	9	4
66	65	66	7	4
67	66.5	67	8	4
68	67	67.5	9	4
69	67.5	68	8	4
70	68	70	9	4
71	70	71	8	4
72	71	71.5	9	4
73	71.5	72	8	4
74	72	75	9	4
75	75	75.5	9	4
76	75.5	76	8	4
77	76	77	9	4
78	77	78	7	4
79	78	79	4	4
80	79	80	0	4
81	80	82	5	4
82	82	83	1	5
83	83	83.5	2	5
84	83.5	84	1	5
85	84	86	2	5
86	86	87	1	5
87	87	87.5	2	5
88	87.5	88	1	5
89	88	91	2	5
90	91	91.5	2	5
91	91.5	92	1	5
92	92	93	2	5
93	93	94	10	4
94	94	95	5	4
95	95	96	10	4
96	96	98	2	5
97	98	99	9	4
98	99	99.5	10	4
99	99.5	100	10	4
100	100	101	0	5
101	101	102	0	5
102	102	103	0	5
103	103	104	9	4
104	104	105	7	4
105	105	106	5	4
106	106	107	9	4
107	107	108	7	4
108	108	110	5	4
109	110	112	5	5
110	112	113	2	5
111	113	114	5	5
112	114	115	11	4
113	115	115.5	0	5
114	115.5	116	11	4
115	116	118	0	5
116	118	119	11	4
117	119	119.5	0	5
118	119.5	120	11	4
119	120	122	0	5
120	122	123	2	5
121	123	124	1	5
122	124	125	2	5
123	125	126	0	5
124	126	127	9	4
125	127	128	7	4
126	128	130	5	4
127	130	131	8	4
128	131	131.5	9	4
129	131.5	132	8	4
130	132	134	9	4
131	134	135	8	4
132	135	135.5	9	4
133	135.5	136	8	4
134	136	139	9	4
135	139	139.5	9	4
136	139.5	140	8	4
137	140	141	9	4
138	141	142	7	4
139	142	143	4	4
140	143	144	0	4
141	144	146	5	4
142	146	147	1	5
143	147	147.5	2	5
144	147.5	148	1	5
145	148	150	2	5
146	150	151	1	5
147	151	151.5	2	5
148	151.5	152	1	5
149	152	155	2	5
150	155	155.5	2	5
151	155.5	156	1	5
152	156	157	2	5
153	157	158	10	4
154	158	159	5	4
155	159	160	10	4
156	160	163	2	5
157	163	163.5	9	4
158	163.5	164	10	4
159	164	164.5	0	5
160	164.5	165	0	5
161	165	165.5	2	5
162	165.5	166	9	4
163	166	167	0	5
164	167	167.5	2	5
165	167.5	168	9	4
166	168	168.5	0	5
167	168.5	169	0	5
168	169	169.5	2	5
169	169.5	170	9	4
170	170	171	0	5
171	172	173	5	4
172	173	173.5	9	4
173	173.5	174	0	4
174	174	175	5	4
175	175	175.5	9	4
176	175.5	176	0	4
177	176	176.5	5	4
178	176.5	177	5	4
179	177	177.5	9	4
180	177.5	178	0	4
181	178	179	5	4
182	180	181	7	4
183	181	183	7	4
184	183	184	9	4
185	184	185	11	4
186	185	186	7	4
187	186	187	9	4
188	187	188	11	4
189	188	192	0	5
190	192	192.5	10	4
191	192.5	193	9	4
192	193	194	7	4
193	194.5	195	8	4
194	195	195.5	9	4
195	195.5	196	8	4
196	196	198	9	4
197	198	199	8	4
198	199	199.5	9	4
199	199.5	200	8	4
200	200	203	9	4
201	203	203.5	9	4
202	203.5	204	8	4
203	204	205	9	4
204	205	206	7	4
205	206	207	4	4
206	207	208	0	4
207	208	210	5	4
208	210	211	1	5
209	211	211.5	2	5
210	211.5	212	1	5
211	212	214	2	5
212	214	215	1	5
213	215	215.5	2	5
214	215.5	216	1	5
215	216	219	2	5
216	219	219.5	2	5
217	219.5	220	1	5
218	220	221	2	5
219	221	222	10	4
220	222	223	5	4
221	223	224	10	4
222	224	226	2	5
223	226	227	9	4
224	227	227.5	10	4
225	227.5	228	10	4
226	228	229	0	5
227	229	230	0	5
228	230	231	0	5
229	231	232	9	4
230	232	233	7	4
231	233	234	5	4
232	234	235	9	4
233	235	236	7	4
234	236	238	5	4
235	238	240	5	5
236	240	241	2	5
237	241	242	5	5
238	242	243	11	4
239	243	243.5	0	5
240	243.5	244	11	4
241	244	246	0	5
242	246	247	11	4
243	247	247.5	0	5
244	247.5	248	11	4
245	248	250	0	5
246	250	251	2	5
247	251	252	1	5
248	252	253	2	5
249	253	254	0	5
250	254	255	9	4
251	255	256	7	4
252	256	258	5	4
253	258	258.5	5	5
