1	2.5	3	#
2	3	3.5	1
3	3.5	4	-1
4	4	6	1
5	6	7	-1
6	7	7.5	1
7	7.5	8	-1
8	8	11	1
9	11	11.5	0
10	11.5	12	-1
11	12	13	1
12	13	14	-2
13	14	15	-3
14	15	16	-4
15	16	18	5
16	18	19	8
17	19	19.5	1
18	19.5	20	-1
19	20	22	1
20	22	23	-1
21	23	23.5	1
22	23.5	24	-1
23	24	27	1
24	27	27.5	0
25	27.5	28	-1
26	28	29	1
27	29	30	-4
28	30	31	-5
29	31	32	5
30	32	35	4
31	35	35.5	-5
32	35.5	36	1
33	36	36.5	2
34	36.5	37	0
35	37	37.5	2
36	37.5	38	-5
37	38	39	3
38	39	39.5	2
39	39.5	40	-5
40	40	40.5	3
41	40.5	41	0
42	41	41.5	2
43	41.5	42	-5
44	42	43	3
45	44	45	-7
46	45	45.5	4
47	45.5	46	-9
48	46	47	5
49	47	47.5	4
50	47.5	48	-9
51	48	48.5	5
52	48.5	49	0
53	49	49.5	4
54	49.5	50	-9
55	50	51	5
56	52	53	2
57	53	55	0
58	55	56	2
59	56	57	2
60	57	58	-4
61	58	59	2
62	59	60	2
63	60	64	1
64	64	64.5	-2
65	64.5	65	-1
66	65	66	-2
67	66.5	67	1
68	67	67.5	1
69	67.5	68	-1
70	68	70	1
71	70	71	-1
72	71	71.5	1
73	71.5	72	-1
74	72	75	1
75	75	75.5	0
76	75.5	76	-1
77	76	77	1
78	77	78	-2
79	78	79	-3
80	79	80	-4
81	80	82	5
82	82	83	8
83	83	83.5	1
84	83.5	84	-1
85	84	86	1
86	86	87	-1
87	87	87.5	1
88	87.5	88	-1
89	88	91	1
90	91	91.5	0
91	91.5	92	-1
92	92	93	1
93	93	94	-4
94	94	95	-5
95	95	96	5
96	96	98	4
97	98	99	-5
98	99	99.5	1
99	99.5	100	0
100	100	101	2
101	101	102	0
102	102	103	0
103	103	104	-3
104	104	105	-2
105	105	106	-2
106	106	107	4
107	107	108	-2
108	108	110	-2
109	110	112	12
110	112	113	-3
111	113	114	3
112	114	115	-6
113	115	115.5	1
114	115.5	116	-1
115	116	118	1
116	118	119	-1
117	119	119.5	1
118	119.5	120	-1
119	120	122	1
120	122	123	2
121	123	124	-1
122	124	125	1
123	125	126	-2
124	126	127	-3
125	127	128	-2
126	128	130	-2
127	130	131	3
128	131	131.5	1
129	131.5	132	-1
130	132	134	1
131	134	135	-1
132	135	135.5	1
133	135.5	136	-1
134	136	139	1
135	139	139.5	0
136	139.5	140	-1
137	140	141	1
138	141	142	-2
139	142	143	-3
140	143	144	-4
141	144	146	5
142	146	147	8
143	147	147.5	1
144	147.5	148	-1
145	148	150	1
146	150	151	-1
147	151	151.5	1
148	151.5	152	-1
149	152	155	1
150	155	155.5	0
151	155.5	156	-1
152	156	157	1
153	157	158	-4
154	158	159	-5
155	159	160	5
156	160	163	4
157	163	163.5	-5
158	163.5	164	1
159	164	164.5	2
160	164.5	165	0
161	165	165.5	2
162	165.5	166	-5
163	166	167	3
164	167	167.5	2
165	167.5	168	-5
166	168	168.5	3
167	168.5	169	0
168	169	169.5	2
169	169.5	170	-5
170	170	171	3
171	172	173	-7
172	173	173.5	4
173	173.5	174	-9
174	174	175	5
175	175	175.5	4
176	175.5	176	-9
177	176	176.5	5
178	176.5	177	0
179	177	177.5	4
180	177.5	178	-9
181	178	179	5
182	180	181	2
183	181	183	0
184	183	184	2
185	184	185	2
186	185	186	-4
187	186	187	2
188	187	188	2
189	188	192	1
190	192	192.5	-2
191	192.5	193	-1
192	193	194	-2
193	194.5	195	1
194	195	195.5	1
195	195.5	196	-1
196	196	198	1
197	198	199	-1
198	199	199.5	1
199	199.5	200	-1
200	200	203	1
201	203	203.5	0
202	203.5	204	-1
203	204	205	1
204	205	206	-2
205	206	207	-3
206	207	208	-4
207	208	210	5
208	210	211	8
209	211	211.5	1
210	211.5	212	-1
211	212	214	1
212	214	215	-1
213	215	215.5	1
214	215.5	216	-1
215	216	219	1
216	219	219.5	0
217	219.5	220	-1
218	220	221	1
219	221	222	-4
220	222	223	-5
221	223	224	5
222	224	226	4
223	226	227	-5
224	227	227.5	1
225	227.5	228	0
226	228	229	2
227	229	230	0
228	230	231	0
229	231	232	-3
230	232	233	-2
231	233	234	-2
232	234	235	4
233	235	236	-2
234	236	238	-2
235	238	240	12
236	240	241	-3
237	241	242	3
238	242	243	-6
239	243	243.5	1
240	243.5	244	-1
241	244	246	1
242	246	247	-1
243	247	247.5	1
244	247.5	248	-1
245	248	250	1
246	250	251	2
247	251	252	-1
248	252	253	1
249	253	254	-2
250	254	255	-3
251	255	256	-2
252	256	258	-2
253	258	258.5	12
