#	Title	In Walked Horace
#	Title	J J Johnson - In Walked Horace.xml
1	3	4	0	4
2	4	4	3	4
3	4	5	4	4
4	5	5.5	5	4
5	5.5	6	6	4
6	6	6.5	7	4
7	6.5	7	0	4
8	8	9.5	0	4
9	9.5	10	0	4
10	10.5	11	9	3
11	11	11.5	0	4
12	11.5	12	4	4
13	12	12.5	5	4
14	12.5	13	4	4
15	13	13.5	5	4
16	13.5	14	4	4
17	14	14.5	5	4
18	14.5	15	4	4
19	15.5	16	0	4
20	16.5	17.5	0	4
21	17.5	18	0	4
22	18	19	0	4
23	19	20	0	4
24	20	21	9	4
25	21	21.5	7	4
26	21.5	22	9	4
27	22	22.5	7	4
28	22.5	23	0	4
29	24	25.5	0	4
30	25.5	26	0	4
31	26.5	27	9	3
32	27	27.5	0	4
33	27.5	28	4	4
34	28	28.5	5	4
35	28.5	29	4	4
36	29	29.5	0	4
37	29.5	30	9	3
38	30	31	0	4
39	32	33	0	4
40	33	33.5	0	4
41	33.5	34	0	4
42	35	36	0	4
43	36	36	3	4
44	36	37	4	4
45	37	37.5	5	4
46	37.5	38	6	4
47	38	38.5	7	4
48	38.5	39	0	4
49	40	41.5	0	4
50	41.5	42	0	4
51	42.5	43	9	3
52	43	43.5	0	4
53	43.5	44	4	4
54	44	44.5	5	4
55	44.5	45	4	4
56	45	45.5	5	4
57	45.5	46	4	4
58	46	46.5	5	4
59	46.5	47	4	4
60	47.5	48	0	4
61	48.5	49.5	0	4
62	49.5	50	0	4
63	50	51	0	4
64	51	52	0	4
65	52	53	9	4
66	53	53.5	7	4
67	53.5	54	9	4
68	54	54.5	7	4
69	54.5	55	0	4
70	56	57.5	0	4
71	57.5	58	0	4
72	58.5	59	9	3
73	59	59.5	0	4
74	59.5	60	4	4
75	60	60.5	5	4
76	60.5	61	4	4
77	61	61.5	0	4
78	61.5	62	9	3
79	62	63	0	4
80	67	68	0	3
81	68	70	2	3
82	70	71.5	2	3
83	71.5	72	2	3
84	74	75	0	3
85	75	76	0	3
86	78	79.5	3	3
87	79.5	80	3	3
88	83	84	0	3
89	84	86	2	3
90	86	87.5	2	3
91	87.5	88	2	3
92	90.5	91	0	4
93	91	92	0	4
94	94	94.5	10	3
95	94.5	95	7	3
96	95	95.5	5	3
97	95.5	96	7	3
98	99	100	0	4
99	100	100	3	4
100	100	101	4	4
101	101	101.5	5	4
102	101.5	102	6	4
103	102	102.5	7	4
104	102.5	103	0	4
105	104	105.5	0	4
106	105.5	106	0	4
107	106.5	107	9	3
108	107	107.5	0	4
109	107.5	108	4	4
110	108	108.333	5	4
111	108.333	108.667	4	4
112	108.667	109	5	4
113	109	109.333	4	4
114	109.333	109.667	5	4
115	109.667	110	4	4
116	110	110.5	5	4
117	110.5	111	4	4
118	112.5	113.5	0	4
119	113.5	114	0	4
120	114	115	0	4
121	115	116	0	3
122	116	117	9	3
123	117	117.5	7	3
124	117.5	118	9	3
125	118	118.5	7	3
126	118.5	119	0	3
127	120	121.5	0	4
128	121.5	122	0	4
129	122.5	123	9	3
130	123	123.5	0	4
131	123.5	124	4	4
132	124	124.5	5	4
133	124.5	125	4	4
134	125	125.5	0	4
135	125.5	126	9	3
136	126	127	0	4
137	128	129	0	4
138	129	129.5	0	4
139	129.5	130	0	4
140	164	164	3	4
141	164	165	4	4
142	165	165.5	5	4
143	165.5	166	6	4
144	166	166.5	7	4
145	166.5	167	0	4
146	168	169.5	0	4
147	169.5	170	0	4
148	170.5	171	9	3
149	171	171.5	0	4
150	171.5	172	4	4
151	172	172.5	5	4
152	172.5	173	4	4
153	173	173.5	5	4
154	173.5	174	4	4
155	174	174.5	5	4
156	174.5	175	4	4
157	175.5	176	0	4
158	176.5	177.5	0	4
159	177.5	178	0	4
160	178	179	0	4
161	179	180	0	4
162	180	181	9	4
163	181	181.5	7	4
164	181.5	182	9	4
165	182	182.5	7	4
166	182.5	183	0	4
167	184	185.5	0	4
168	185.5	186	0	4
169	186.5	187	9	3
170	187	187.5	0	4
171	187.5	188	4	4
172	188	188.5	5	4
173	188.5	189	4	4
174	189	189.5	0	4
175	189.5	190	9	3
176	190	191	0	4
177	192	193	0	4
178	193	193.5	0	4
179	193.5	194	0	4
180	195	196	0	4
