#	Title	Venus In Blue Jeans (Transcribed)
#	Title	Jack Keller and Howard Greenfield - Venus In Blue Jeans (Transcribed).xml
1	0	1	0	5
2	1	3	7	4
3	3	4	0	5
4	4	5	11	4
5	5	7	7	4
6	7	8	11	4
7	8	8.66667	9	4
8	8.66667	9.33333	2	4
9	9.33333	10	4	4
10	10	10.6667	5	4
11	10.6667	11	7	4
12	11	11.5	7	4
13	11.5	12	9	4
14	12.6667	13.3333	2	4
15	13.3333	14	4	4
16	14	14.5	5	4
17	14.5	15	7	4
18	15	16	11	4
19	16	17	0	5
20	17	19	7	4
21	19	20	0	5
22	20	21	11	4
23	21	22	7	4
24	23	23.5	7	4
25	23.5	24	11	4
26	24	24.5	9	4
27	24.5	25	7	4
28	25	25.5	5	4
29	25.5	26	9	4
30	26	27	7	4
31	27	28	5	4
32	28	28.5	4	4
33	28.5	29	5	4
34	29	31	7	4
35	32	33	2	4
36	33	34	9	4
37	34	34.5	7	4
38	34.5	35	5	4
39	35	35.5	4	4
40	35.5	36	2	4
41	37	37.5	4	4
42	37.5	38	7	4
43	38	39.5	0	4
44	40	41	2	4
45	41	42	0	5
46	42	43	11	4
47	43	44	9	4
48	44	45	11	4
49	45	46	9	4
50	46	47	7	4
51	47	48	7	4
52	48	49	0	5
53	49	51	7	4
54	51	52	0	5
55	52	53	11	4
56	53	54	7	4
57	55	55.5	7	4
58	55.5	56	11	4
59	56	56.5	9	4
60	56.5	57	7	4
61	57	57.5	5	4
62	57.5	58	9	4
63	58	59	7	4
64	59	60	5	4
65	60	60.5	4	4
66	60.5	61	5	4
67	61	63	7	4
68	64	65	2	4
69	65	66	9	4
70	66	66.5	7	4
71	66.5	67	5	4
72	67	67.5	4	4
73	67.5	68	2	4
74	68	69	4	4
75	69	70	7	4
76	70	71.5	0	4
77	71.5	72	0	4
78	72	73	2	4
79	73	74	5	4
80	74	75	11	3
81	75	76	2	4
82	76	78	0	4
83	79	80	0	4
84	80	80.5	9	4
85	80.5	81	9	4
86	81	81.5	9	4
87	81.5	82	9	4
88	82	83	9	4
89	83	84	0	5
90	84	85	11	4
91	85	86	7	4
92	86	87	7	4
93	87.5	88	11	4
94	88	88.5	9	4
95	88.5	89	7	4
96	89	89.5	5	4
97	89.5	90	9	4
98	90	91	7	4
99	91	92	5	4
100	92	94	7	4
101	95	96	0	4
102	96	96.5	9	4
103	96.5	97	9	4
104	97	97.5	9	4
105	97.5	98	9	4
106	98	99	9	4
107	99	100	0	5
108	100	101	4	5
109	101	102	11	4
110	102	103	11	4
111	103.5	104	11	4
112	104	105	9	4
113	105	106	9	4
114	106	107	11	4
115	107	108	0	5
116	108	111	11	4
117	111	112	7	4
118	112	113	0	5
119	113	115	7	4
120	115	116	0	5
121	116	117	11	4
122	117	118	7	4
123	119.5	120	11	4
124	120	120.5	9	4
125	120.5	121	7	4
126	121	121.5	5	4
127	121.5	122	9	4
128	122	123	7	4
129	123	124	5	4
130	124	126	4	4
131	127	128	4	4
132	128	129	2	4
133	129	130	9	4
134	130	131	7	4
135	131	132	2	4
136	132	133	4	4
137	133	134	11	4
138	134	135.5	9	4
139	135.5	136	4	4
140	136	139	5	4
141	139	140	9	4
142	140	143	0	5
143	143	144	11	4
144	144	148	0	5
145	148	149	11	4
146	149	151	7	4
147	151	152	11	4
148	152	152.667	8	4
149	152.667	153.333	1	4
150	153.333	154	3	4
151	154	154.667	4	4
152	154.667	155	6	4
153	155	155.5	6	4
154	155.5	156	8	4
155	156.667	157.333	2	4
156	157.333	158	4	4
157	158	158.5	5	4
158	158.5	159	7	4
159	159	160	7	4
160	160	161	0	5
161	161	163	7	4
162	163	164	0	5
163	164	165	11	4
164	165	166	7	4
165	167	167.5	7	4
166	167.5	168	11	4
167	168	168.5	9	4
168	168.5	169	7	4
169	169	169.5	5	4
170	169.5	170	9	4
171	170	171	7	4
172	171	172	5	4
173	172	174	4	4
174	176	177	2	4
175	177	178	9	4
176	178	178.5	7	4
177	178.5	179	5	4
178	179	179.5	4	4
179	179.5	180	2	4
180	180	181	4	4
181	181	182	7	4
182	182	183.5	0	4
183	184	185	2	4
184	185	186	0	5
185	186	187	11	4
186	187	188	9	4
187	188	189	11	4
188	189	190	9	4
189	190	191	7	4
190	191	192	7	4
191	192	193	0	5
192	193	195	7	4
193	195	196	0	5
194	196	197	11	4
195	197	198	7	4
196	199	199.5	7	4
197	199.5	200	11	4
198	200	200.5	9	4
199	200.5	201	7	4
200	201	201.5	5	4
201	201.5	202	9	4
202	202	203	7	4
203	203	204	5	4
204	204	204.5	4	4
205	204.5	205	5	4
206	205	207	7	4
207	208	209	2	4
208	209	210	9	4
209	210	210.5	7	4
210	210.5	211	5	4
211	211	211.5	4	4
212	211.5	212	2	4
213	212	213	4	4
214	213	214	7	4
215	214	215.5	0	4
216	215.5	216	4	4
217	216	217	2	4
218	217	218	5	4
219	218	219	11	3
220	219	220	2	4
221	220	222	0	4
222	223	224	0	4
223	224	224.5	9	4
224	224.5	225	9	4
225	225	225.5	9	4
226	225.5	226	9	4
227	226	227	9	4
228	227	228	0	5
229	228	229	11	4
230	229	230	7	4
231	230	231	7	4
232	231.5	232	11	4
233	232	232.5	9	4
234	232.5	233	7	4
235	233	233.5	5	4
236	233.5	234	9	4
237	234	235	7	4
238	235	236	5	4
239	236	239	7	4
240	239.5	240	0	4
241	240	240.5	9	4
242	240.5	241	9	4
243	241	241.5	9	4
244	241.5	242	9	4
245	242	243	9	4
246	243	244	0	5
247	244	245	4	5
248	245	246	11	4
249	246	247	11	4
250	247.5	248	7	4
251	248	249	9	4
252	249	250	9	4
253	250	251	11	4
254	251	252	0	5
255	252	255	11	4
256	255	256	7	4
257	256	257	0	5
258	257	259	7	4
259	259	260	0	5
260	260	261	11	4
261	261	262	7	4
262	263	263.5	7	4
263	263.5	264	11	4
264	264	264.5	9	4
265	264.5	265	7	4
266	265	265.5	5	4
267	265.5	266	9	4
268	266	267	7	4
269	267	268	5	4
270	268	268.5	4	4
271	268.5	269	5	4
272	269	270	7	4
273	271	272	4	4
274	272	273	2	4
275	273	274	9	4
276	274	275	7	4
277	275	276	2	4
278	276	277	4	4
279	277	278	11	4
280	278	279.5	9	4
281	279.5	280	4	4
282	280	283	5	4
283	283	284	9	4
284	284	287	0	5
285	287	288	11	4
286	288	292	0	5
287	292	296	0	5
288	296	296.667	9	4
289	296.667	297.333	2	4
290	297.333	298	4	4
291	298	298.667	5	4
292	298.667	299	7	4
293	299	299.5	7	4
294	299.5	300	9	4
295	300.667	301.333	2	4
296	301.333	302	4	4
297	302	302.5	5	4
298	302.5	303	7	4
299	303	303.5	9	4
300	303.5	304	11	4
301	304	305	0	5
302	305	307	7	4
303	307	308	0	5
304	308	309	11	4
305	309	311	7	4
306	311	312	11	4
307	312	312.667	9	4
308	312.667	313.333	2	4
309	313.333	314	4	4
310	314	314.667	5	4
311	314.667	315	7	4
312	315	315.5	7	4
313	315.5	316	9	4
314	316.667	317.333	2	4
315	317.333	318	4	4
316	318	318.5	5	4
317	318.5	319	7	4
318	319	319.5	9	4
319	319.5	320	11	4
320	320	321	0	5
321	321	323	7	4
322	323	324	0	5
323	324	325	11	4
324	325	327	7	4
325	327	328	11	4
326	328	328.667	9	4
327	328.667	329.333	2	4
328	329.333	330	4	4
329	330	330.667	5	4
330	330.667	331	7	4
331	331	331.5	7	4
332	331.5	332	9	4
333	332.667	333.333	2	4
334	333.333	334	4	4
335	334	334.5	5	4
336	334.5	335	7	4
337	335	335.5	9	4
338	335.5	336	11	4
339	336	337	0	5
340	337	339	7	4
341	339	340	0	5
342	340	341	11	4
343	341	343	7	4
344	343	344	11	4
345	344	344.667	9	4
346	344.667	345.333	2	4
347	345.333	346	4	4
348	346	346.667	5	4
349	346.667	347	7	4
350	347	347.5	7	4
351	347.5	348	9	4
352	348.667	349.333	2	4
353	349.333	350	4	4
354	350	350.5	5	4
355	350.5	351	7	4
356	351	351.5	9	4
357	351.5	352	11	4
358	352	356	0	5
359	356	360	0	5
