#	Title	GO WEST
#	Title	Jacques Morali - Go West.xml
1	0	3	4	5
2	3	3.5	2	5
3	3.5	4	0	5
4	4	5	2	5
5	5	5.5	11	4
6	5.5	6	7	4
7	6	7.5	7	4
8	7.5	8	7	4
9	8	11	0	5
10	11	11.5	11	4
11	11.5	12	9	4
12	12	13	11	4
13	13	13.5	7	4
14	13.5	14	4	4
15	14	15.5	4	4
16	15.5	16	4	4
17	16	19	9	4
18	19	19.5	7	4
19	19.5	20	5	4
20	20	21.5	7	4
21	21.5	22	0	5
22	22	24	0	5
23	24	27	0	5
24	27	27.5	9	4
25	27.5	28	0	5
26	28	29	4	5
27	29	29.5	5	5
28	29.5	30	2	5
29	30	31	2	5
30	31	32	7	4
31	32	35	4	5
32	35	35.5	2	5
33	35.5	36	0	5
34	36	37	2	5
35	37	37.5	11	4
36	37.5	38	7	4
37	38	39	7	4
38	39	40	7	4
39	40	43	0	5
40	43	43.5	11	4
41	43.5	44	9	4
42	44	45	11	4
43	45	45.5	7	4
44	45.5	46	4	4
45	46	47	4	4
46	47	48	4	4
47	48	51	9	4
48	51	51.5	7	4
49	51.5	52	5	4
50	52	53.5	7	4
51	53.5	54	0	5
52	54	55	0	5
53	55	56	0	5
54	56	59	0	5
55	59	59.5	9	4
56	59.5	60	0	5
57	60	61	4	5
58	61	61.5	5	5
59	61.5	62	2	5
60	62	63.5	2	5
61	63.5	64	7	4
62	64	64.5	4	5
63	64.5	65	7	4
64	67	67.5	4	5
65	67.5	68	0	5
66	68	68.5	2	5
67	68.5	69	11	4
68	69	69.5	11	4
69	69.5	70	7	4
70	70	71	7	4
71	71	71.75	7	4
72	71.75	72	11	4
73	72	72.5	0	5
74	72.5	73	9	4
75	75	75.5	0	5
76	75.5	76	9	4
77	76	77	11	4
78	77	77.5	7	4
79	77.5	78	4	4
80	78	79	4	4
81	79	79.75	4	4
82	79.75	80	7	4
83	80	80.5	9	4
84	80.5	81	5	4
85	83	83.5	5	4
86	83.5	84	5	4
87	84	84.5	4	4
88	84.5	85	7	4
89	85	85.5	7	4
90	85.5	86	0	5
91	86	87	0	5
92	87	87.75	0	5
93	87.75	88	0	5
94	88	88.5	0	5
95	88.5	89	9	4
96	91	91.5	11	4
97	91.5	92	0	5
98	92	92.5	4	5
99	92.5	93	5	5
100	93	93.5	5	5
101	93.5	94	2	5
102	94	95	2	5
103	95	95.75	2	5
104	95.75	96	7	4
105	96	96.5	4	5
106	96.5	97	7	4
107	99	99.5	4	5
108	99.5	100	0	5
109	100	101	2	5
110	101	101.5	11	4
111	101.5	102	7	4
112	102	103	7	4
113	103	103.75	7	4
114	103.75	104	11	4
115	104	104.5	0	5
116	104.5	105	9	4
117	106.5	107	0	4
118	107	107.5	0	5
119	107.5	108	9	4
120	108	109	11	4
121	109	109.5	7	4
122	109.5	110	4	4
123	110	111	4	4
124	111	111.75	4	4
125	111.75	112	7	4
126	112	112.5	9	4
127	112.5	113	5	4
128	115	115.5	5	4
129	115.5	116	5	4
130	116	117	4	4
131	117	118	7	4
132	118	119	0	5
133	119	119.75	0	5
134	119.75	120	0	5
135	120	120.5	0	5
136	120.5	121	9	4
137	123	123.5	11	4
138	123.5	124	0	5
139	124	124.5	4	5
140	124.5	125	5	5
141	125	125.5	5	5
142	125.5	126	2	5
143	126	127	2	5
144	127	128	7	4
145	128	130	4	5
146	131	131.5	2	5
147	131.5	132	0	5
148	132	133	2	5
149	133	133.5	11	4
150	133.5	134	7	4
151	134	135	7	4
152	135	136	7	4
153	136	138	0	5
154	139	139.5	11	4
155	139.5	140	9	4
156	140	140.5	11	4
157	140.5	141	7	4
158	141	141.5	7	4
159	141.5	142	4	4
160	142	143	4	4
161	143	144	4	4
162	144	146	9	4
163	147	147.5	5	4
164	147.5	148	5	4
165	148	149	4	4
166	149	149.5	7	4
167	149.5	150	0	5
168	150	151	0	5
169	151	152	0	5
170	152	153.5	0	5
171	153.5	154	0	5
172	154	154.5	0	5
173	154.5	155	0	5
174	155	155.5	9	4
175	155.5	156	0	5
176	156	156.5	4	5
177	156.5	157	5	5
178	157	157.5	5	5
179	157.5	158	2	5
180	158	160	2	5
181	160.5	161	11	4
182	161.25	162	11	4
183	162	162.75	11	4
184	162.75	163	11	4
185	163	163.5	11	4
186	163.5	164	11	4
187	164.5	165	11	4
188	165.25	166	11	4
189	166	166.75	11	4
190	166.75	167	11	4
191	167	167.5	11	4
192	167.5	168	11	4
193	168.5	169	11	4
194	169.25	170	11	4
195	170	170.75	11	4
196	170.75	171	11	4
197	171	171.5	11	4
198	171.5	172	11	4
199	172.5	173	11	4
200	173.25	174	11	4
201	174	174.75	11	4
202	174.75	175	11	4
203	175	175.5	11	4
204	175.5	176	11	4
205	176.5	177	11	4
206	177.25	178	11	4
207	178	178.75	11	4
208	178.75	179	11	4
209	179	179.5	11	4
210	179.5	180	11	4
211	180.5	181	11	4
212	181.25	182	11	4
213	182	182.75	11	4
214	182.75	183	11	4
215	183	183.5	11	4
216	183.5	184	11	4
217	184.5	185	11	4
218	185.25	186	11	4
219	186	186.75	11	4
220	186.75	187	11	4
221	187	187.5	11	4
222	187.5	188	11	4
223	188.5	189	11	4
224	189.25	190	11	4
225	190	190.75	11	4
226	190.75	191	11	4
227	191	191.5	11	4
228	191.5	191.75	11	4
229	191.75	192	11	4
230	192	192.5	4	5
231	192.5	193	7	4
232	195	195.5	4	5
233	195.5	196	0	5
234	196	196.5	2	5
235	196.5	197	11	4
236	197	197.5	11	4
237	197.5	198	7	4
238	198	199	7	4
239	199	199.75	7	4
240	199.75	200	11	4
241	200	200.5	0	5
242	200.5	201	9	4
243	203	203.5	0	5
244	203.5	204	9	4
245	204	205	11	4
246	205	205.5	7	4
247	205.5	206	4	4
248	206	207	4	4
249	207	207.75	4	4
250	207.75	208	7	4
251	208	208.5	9	4
252	208.5	209	5	4
253	211	211.5	5	4
254	211.5	212	5	4
255	212	212.5	4	4
256	212.5	213	7	4
257	213	213.5	7	4
258	213.5	214	0	5
259	214	215	0	5
260	215	215.75	0	5
261	215.75	216	0	5
262	216	216.5	0	5
263	216.5	217	9	4
264	219	219.5	11	4
265	219.5	220	0	5
266	220	220.5	4	5
267	220.5	221	5	5
268	221	221.5	5	5
269	221.5	222	2	5
270	222	223	2	5
271	223	223.75	2	5
272	223.75	224	7	4
273	224	224.5	4	5
274	224.5	225	7	4
275	227	227.5	4	5
276	227.5	228	0	5
277	228	229	2	5
278	229	229.5	11	4
279	229.5	230	7	4
280	230	231	7	4
281	231	231.75	7	4
282	231.75	232	11	4
283	232	232.5	0	5
284	232.5	233	9	4
285	234.5	235	0	4
286	235	235.5	0	5
287	235.5	236	9	4
288	236	237	11	4
289	237	237.5	7	4
290	237.5	238	4	4
291	238	239	4	4
292	239	239.75	4	4
293	239.75	240	7	4
294	240	240.5	9	4
295	240.5	241	5	4
296	243	243.5	5	4
297	243.5	244	5	4
298	244	245	4	4
299	245	246	7	4
300	246	247	0	5
301	247	247.75	0	5
302	247.75	248	0	5
303	248	248.5	0	5
304	248.5	249	9	4
305	251	251.5	11	4
306	251.5	252	0	5
307	252	252.5	4	5
308	252.5	253	5	5
309	253	253.5	5	5
310	253.5	254	2	5
311	254	255	2	5
312	255	256	7	4
313	256	258	4	5
314	259	259.5	2	5
315	259.5	260	0	5
316	260	261	2	5
317	261	261.5	11	4
318	261.5	262	7	4
319	262	263	7	4
320	263	264	7	4
321	264	266	0	5
322	267	267.5	11	4
323	267.5	268	9	4
324	268	268.5	11	4
325	268.5	269	7	4
326	269	269.5	7	4
327	269.5	270	4	4
328	270	271	4	4
329	271	272	4	4
330	272	274	9	4
331	275	275.5	5	4
332	275.5	276	5	4
333	276	277	4	4
334	277	277.5	7	4
335	277.5	278	0	5
336	278	279	0	5
337	279	280	0	5
338	280	281.5	0	5
339	281.5	282	0	5
340	282	282.5	0	5
341	282.5	283	0	5
342	283	283.5	9	4
343	283.5	284	0	5
344	284	284.5	4	5
345	284.5	285	5	5
346	285	285.5	5	5
347	285.5	286	2	5
348	286	288	2	5
349	288.5	289	11	4
350	289.25	290	11	4
351	290	290.75	11	4
352	290.75	291	11	4
353	291	291.5	11	4
354	291.5	292	11	4
355	292.5	293	11	4
356	293.25	294	11	4
357	294	294.75	11	4
358	294.75	295	11	4
359	295	295.5	11	4
360	295.5	296	11	4
361	296.5	297	11	4
362	297.25	298	11	4
363	298	298.75	11	4
364	298.75	299	11	4
365	299	299.5	11	4
366	299.5	300	11	4
367	300.5	301	11	4
368	301.25	302	11	4
369	302	302.75	11	4
370	302.75	303	11	4
371	303	303.5	11	4
372	303.5	304	11	4
373	304.5	305	11	4
374	305.25	306	11	4
375	306	306.75	11	4
376	306.75	307	11	4
377	307	307.5	11	4
378	307.5	308	11	4
379	308.5	309	11	4
380	309.25	310	11	4
381	310	310.75	11	4
382	310.75	311	11	4
383	311	311.5	11	4
384	311.5	312	11	4
385	312.5	313	11	4
386	313.25	314	11	4
387	314	314.75	11	4
388	314.75	315	11	4
389	315	315.5	11	4
390	315.5	316	11	4
391	316.5	317	11	4
392	317.25	318	11	4
393	318	318.75	11	4
394	318.75	319	11	4
395	319	319.5	11	4
396	319.5	319.75	11	4
397	319.75	320	11	4
