#	Title	Colour My World
#	Title	James Pankow - Colour My World.xml
1	11	12	7	3
2	12	13	0	4
3	13	14	2	4
4	14	15	4	4
5	15	18	4	4
6	18	21	4	4
7	21	22	4	4
8	22	23	2	4
9	23	24	0	4
10	24	30	4	4
11	30	33	4	4
12	33	34	4	4
13	34	35	5	4
14	35	36	7	4
15	36	42	5	4
16	42	45	5	4
17	46	47	5	4
18	47	48	0	4
19	48	54	2	4
20	54	57	2	4
21	59	60	2	4
22	60	66	7	4
23	66	69	7	4
24	69	70	10	4
25	70	71	7	4
26	71	72	3	4
27	72	78	5	4
28	78	81	5	4
29	81	82	5	4
30	82	83	5	4
31	83	84	5	4
32	84	90	4	4
33	90	91	4	4
34	91	92	9	3
35	92	93	11	3
36	93	94	1	4
37	94	95	2	4
38	95	96	4	4
39	96	102	6	4
40	102	105	6	4
41	107	108	6	4
42	108	114	5	4
43	114	115	5	4
44	115	116	10	3
45	116	117	0	4
46	117	118	2	4
47	118	119	3	4
48	119	120	5	4
49	120	123	7	4
50	123	129	2	4
51	129	132	2	4
52	132	133	11	4
53	133	134	9	4
54	134	135	7	4
55	135	138	5	4
56	138	141	4	4
57	141	143	4	4
58	143	144	2	4
59	144	150	0	4
60	150	152	0	4
61	152	153	0	4
62	153	155	2	4
63	155	156	11	3
64	156	162	0	4
65	162	165	0	4
66	167	168	7	3
67	168	169	0	4
68	169	170	2	4
69	170	171	4	4
70	171	174	4	4
71	174	177	4	4
72	177	178	4	4
73	178	179	2	4
74	179	180	0	4
75	180	186	4	4
76	186	189	4	4
77	189	190	4	4
78	190	191	5	4
79	191	192	7	4
80	192	198	5	4
81	198	201	5	4
82	202	203	5	4
83	203	204	0	4
84	204	210	2	4
85	210	213	2	4
86	215	216	2	4
87	216	222	7	4
88	222	225	7	4
89	225	226	10	4
90	226	227	7	4
91	227	228	3	4
92	228	234	5	4
93	234	237	5	4
94	237	238	5	4
95	238	239	5	4
96	239	240	5	4
97	240	246	4	4
98	246	247	4	4
99	247	248	9	3
100	248	249	11	3
101	249	250	1	4
102	250	251	2	4
103	251	252	4	4
104	252	258	6	4
105	258	261	6	4
106	263	264	6	4
107	264	270	5	4
108	270	271	5	4
109	271	272	10	3
110	272	273	0	4
111	273	274	2	4
112	274	275	3	4
113	275	276	5	4
114	276	279	7	4
115	279	285	2	4
116	285	288	2	4
117	288	289	11	4
118	289	290	9	4
119	290	291	7	4
120	291	292	2	5
121	292	293	0	5
122	293	294	11	4
123	294	295	11	4
124	295	296	9	4
125	296	297	7	4
126	297	298	5	4
127	298	299	4	4
128	299	299.5	2	4
129	299.5	300	11	3
130	300	306	0	4
131	306	308	0	4
132	308	309	0	4
133	309	311	2	4
134	311	312	11	3
135	312	324	0	4
