1	3.5	4	#
2	4	5	9
3	5	5.33333	0
4	5.33333	5.66667	-2
5	5.66667	6	-2
6	6	7	-3
7	7	7.33333	0
8	7.33333	7.66667	3
9	7.66667	8	2
10	8	9	2
11	9	9.33333	0
12	9.33333	9.66667	-2
13	9.66667	10	-2
14	10	11	-3
15	11	11.3333	0
16	11.3333	11.6667	3
17	11.6667	12	2
18	12	12.5	2
19	12.5	13	3
20	13	13.5	2
21	13.5	14	3
22	14	15.5	-1
23	15.5	16	-4
24	16	18	-2
25	18	19.5	0
26	19.5	20	2
27	20	21.5	4
28	21.5	22	1
29	22	23.5	-1
30	23.5	24	-1
31	24	25.5	-1
32	25.5	26	2
33	26	28	-2
34	29	29.5	0
35	29.5	30	-2
36	30	31.5	-2
37	31.5	32	2
38	32	34	-3
39	34	35.5	0
40	35.5	36	-9
41	36	37	9
42	37	37.3333	0
43	37.3333	37.6667	-2
44	37.6667	38	-2
45	38	39	-3
46	39	39.3333	0
47	39.3333	39.6667	3
48	39.6667	40	2
49	40	40.5	2
50	40.5	41	3
51	41	41.3333	-3
52	41.3333	41.6667	-2
53	41.6667	42	-5
54	42	43	0
55	43	43.3333	0
56	43.3333	43.6667	3
57	43.6667	44	2
58	44	44.5	2
59	44.5	45	3
60	45	45.5	2
61	45.5	46	3
62	46	47.5	-1
63	47.5	48	-4
64	48	50	-2
65	50	51.5	0
66	51.5	52	2
67	52	53.5	4
68	53.5	54	1
69	54	55.5	-1
70	55.5	56	-1
71	56	57.5	-1
72	57.5	58	2
73	58	60	-2
74	61	62	0
75	62	63	-2
76	63	64	-1
77	64	66	1
78	66	67	0
79	67	67.3333	0
80	67.3333	67.6667	-8
81	67.6667	68	1
82	68	68.6667	9
83	68.6667	69.3333	0
84	69.3333	70	0
85	70	71.5	-9
86	71.5	72	0
87	72	72.6667	9
88	72.6667	73.3333	1
89	73.3333	74	2
90	74	75.5	0
91	75.5	76	-3
92	76	76.6667	-2
93	76.6667	77.3333	0
94	77.3333	78	0
95	78	79	0
96	79	79.5	-2
97	79.5	80	-1
98	80	82	3
99	82	83.5	0
100	83.5	84	2
101	84	84.6667	-3
102	84.6667	85.3333	1
103	85.3333	86	-1
104	86	87.5	-9
105	87.5	88	0
106	88	88.6667	9
107	88.6667	89.3333	1
108	89.3333	90	2
109	90	91.5	0
110	91.5	92	-1
111	92	93	1
112	93	93.5	0
113	93.5	94	2
114	94	95.5	1
115	95.5	96	-6
116	96	98	1
117	98	99.5	0
118	99.5	100	-12
119	100	101	9
120	101	101.333	0
121	101.333	101.667	-2
122	101.667	102	-2
123	102	103	-3
124	103	103.333	0
125	103.333	103.667	3
126	103.667	104	2
127	104	105	2
128	105	105.333	0
129	105.333	105.667	-2
130	105.667	106	-2
131	106	107	-3
132	107	107.333	0
133	107.333	107.667	3
134	107.667	108	2
135	108	108.5	2
136	108.5	109	3
137	109	109.5	2
138	109.5	110	3
139	110	111.5	-1
140	111.5	112	-4
141	112	114	-2
142	114	115.5	0
143	115.5	116	2
144	116	117.5	4
145	117.5	118	1
146	118	119.5	-1
147	119.5	120	-1
148	120	121.5	-1
149	121.5	122	2
150	122	124	-2
151	125	125.5	0
152	125.5	126	-2
153	126	127.5	-2
154	127.5	128	-6
155	128	130	1
156	130	131	0
157	131.5	132	-5
158	132	133	9
159	133	133.333	0
160	133.333	133.667	-2
161	133.667	134	-2
162	134	135	-3
163	135	135.333	0
164	135.333	135.667	3
165	135.667	136	2
166	136	137	2
167	137	137.333	0
168	137.333	137.667	-2
169	137.667	138	-2
170	138	139	-3
171	139	139.333	0
172	139.333	139.667	3
173	139.667	140	2
174	140	140.5	2
175	140.5	141	3
176	141	141.5	2
177	141.5	142	3
178	142	143.5	-1
179	143.5	144	-4
180	144	146	-2
181	146	147.5	0
182	147.5	148	2
183	148	149.5	4
184	149.5	150	1
185	150	151.5	-1
186	151.5	152	-1
187	152	153.5	-1
188	153.5	154	2
189	154	156	-2
190	157	157.5	0
191	157.5	158	-2
192	158	159.5	-2
193	159.5	160	2
194	160	162	-3
195	162	163.5	0
196	163.5	164	-9
197	164	165	9
198	165	165.333	0
199	165.333	165.667	-2
200	165.667	166	-2
201	166	167	-3
202	167	167.333	0
203	167.333	167.667	3
204	167.667	168	2
205	168	168.5	2
206	168.5	169	3
207	169	169.333	-3
208	169.333	169.667	-2
209	169.667	170	-5
210	170	171	0
211	171	171.333	0
212	171.333	171.667	3
213	171.667	172	2
214	172	172.5	2
215	172.5	173	3
216	173	173.5	2
217	173.5	174	3
218	174	175.5	-1
219	175.5	176	-4
220	176	178	-2
221	178	179.5	0
222	179.5	180	2
223	180	181.5	4
224	181.5	182	1
225	182	183.5	-1
226	183.5	184	-1
227	184	185.5	-1
228	185.5	186	2
229	186	188	-2
230	189	190	0
231	190	191	-2
232	191	192	-1
233	192	194	1
234	194	195	0
235	195	195.333	0
236	195.333	195.667	-8
237	195.667	196	1
238	196	196.667	9
239	196.667	197.333	0
240	197.333	198	0
241	198	199.5	-9
242	199.5	200	0
243	200	200.667	9
244	200.667	201.333	1
245	201.333	202	2
246	202	203.5	0
247	203.5	204	-3
248	204	204.667	-2
249	204.667	205.333	0
250	205.333	206	0
251	206	207	0
252	207	207.5	-2
253	207.5	208	-1
254	208	210	3
255	210	211.5	0
256	211.5	212	2
257	212	212.667	-3
258	212.667	213.333	1
259	213.333	214	-1
260	214	215.5	-9
261	215.5	216	0
262	216	216.667	9
263	216.667	217.333	1
264	217.333	218	2
265	218	219.5	0
266	219.5	220	-1
267	220	221	1
268	221	221.5	0
269	221.5	222	2
270	222	223.5	1
271	223.5	224	-6
272	224	226	1
273	226	227.5	0
274	227.5	228	-12
275	228	229	9
276	229	229.333	0
277	229.333	229.667	-2
278	229.667	230	-2
279	230	231	-3
280	231	231.333	0
281	231.333	231.667	3
282	231.667	232	2
283	232	233	2
284	233	233.333	0
285	233.333	233.667	-2
286	233.667	234	-2
287	234	235	-3
288	235	235.333	0
289	235.333	235.667	3
290	235.667	236	2
291	236	236.5	2
292	236.5	237	3
293	237	237.5	2
294	237.5	238	3
295	238	239.5	-1
296	239.5	240	-4
297	240	242	-2
298	242	243.5	0
299	243.5	244	2
300	244	245.5	4
301	245.5	246	1
302	246	247.5	-1
303	247.5	248	-1
304	248	249.5	-1
305	249.5	250	2
306	250	252	-2
307	252	256	-9
