#	Title	A Felicidade
#	Title	Antonio Carlos Jobim, Vinicius de Moraes - A Felicidade.xml
1	1.5	2	4	4
2	2	4	9	4
3	4	4.5	9	4
4	4.5	5	0	5
5	5	5.5	11	4
6	5.5	6	7	4
7	6	8	4	4
8	8	9	4	4
9	9.5	10	4	4
10	10	11.5	7	4
11	11.5	12	4	4
12	12	13.5	6	4
13	13.5	14	3	4
14	14	16	4	4
15	16	17	4	4
16	18	20	4	4
17	20	20.5	4	4
18	20.5	21	7	4
19	21	21.5	5	4
20	21.5	22	4	4
21	22	22.5	4	4
22	22.5	23	2	4
23	23	23.5	1	4
24	23.5	24	2	4
25	24	24.75	5	4
26	24.75	25	5	4
27	25	25.5	5	4
28	25.5	26	4	4
29	26	26.5	2	4
30	26.5	27	0	4
31	27	27.5	11	3
32	27.5	28	0	4
33	28	28.5	4	4
34	28.5	29	2	4
35	29	29.5	0	4
36	29.5	30	2	4
37	30	32	10	3
38	32	33	10	3
39	34.5	35	9	3
40	35	35.5	0	4
41	35.5	36	2	4
42	36	36.5	4	4
43	36.5	37.5	4	4
44	37.5	38	0	4
45	38	38.5	9	3
46	38.5	39	0	4
47	39	39.5	2	4
48	39.5	40	4	4
49	40	40.5	2	4
50	40.5	41.5	2	4
51	41.5	42	4	4
52	42	42.5	9	4
53	42.5	43	8	4
54	43	43.5	7	4
55	43.5	44	0	4
56	44	44.5	4	4
57	44.5	44.75	3	4
58	44.75	45	2	4
59	45	45.5	2	4
60	45.5	46	0	4
61	46	48	9	3
62	48	49	9	3
63	50	50.5	7	3
64	50.5	51	9	3
65	51	51.5	11	3
66	51.5	52	0	4
67	52	52.5	9	3
68	52.5	53	11	3
69	53	53.5	0	4
70	53.5	54	2	4
71	54	54.5	11	3
72	54.5	54.75	9	3
73	54.75	55	11	3
74	55	56	11	3
75	56	57.5	11	3
76	58	58.5	0	4
77	58.5	59	2	4
78	59	59.5	4	4
79	59.5	60	5	4
80	60	60.5	2	4
81	60.5	61	4	4
82	61	61.5	0	4
83	61.5	62	4	4
84	62	64	2	4
85	64	65	2	4
86	65.5	66	7	4
87	66	67	7	4
88	67	67.5	2	4
89	67.5	68	7	4
90	68	68.5	7	4
91	68.5	69.5	7	4
92	69.5	70	9	4
93	70	71	9	4
94	71	71.5	4	4
95	71.5	72	9	4
96	72	72.5	9	4
97	72.5	73.5	9	4
98	73.5	74	11	4
99	74	74.5	11	4
100	74.5	75	9	4
101	75	75.3333	7	4
102	75.3333	75.6667	6	4
103	75.6667	76	7	4
104	76	76.5	9	4
105	76.5	77	9	4
106	77	77.3333	9	4
107	77.3333	77.6667	7	4
108	77.6667	78	6	4
109	78	79	7	4
110	79	79.3333	7	4
111	79.3333	79.6667	5	4
112	79.6667	80	4	4
113	80	80.5	5	4
114	80.5	81	5	4
115	81	81.5	5	4
116	81.5	82	4	4
117	82	83	0	4
118	83	83.25	0	4
119	83.25	83.5	2	4
120	83.5	84	4	4
121	84	84.5	9	4
122	84.5	84.75	4	4
123	84.75	85	2	4
124	85	85.25	2	4
125	85.25	85.5	0	4
126	85.5	86	9	3
127	86	86.5	2	4
128	86.5	88	2	4
129	88	89	2	4
130	89.5	90	4	4
131	90	90.5	9	4
132	90.5	91	8	4
133	91	91.5	7	4
134	91.5	92	0	4
135	92	92.5	4	4
136	92.5	92.75	3	4
137	92.75	93	2	4
138	93	93.5	2	4
139	93.5	94	0	4
140	94	94.5	9	3
141	94.5	96	9	3
142	96	96.5	9	3
143	97.5	98	4	4
144	98	100	9	4
145	100	100.5	9	4
146	100.5	101	0	5
147	101	101.5	11	4
148	101.5	102	7	4
149	102	104	4	4
150	104	105	4	4
151	105.5	106	4	4
152	106	107.5	7	4
153	107.5	108	4	4
154	108	109.5	6	4
155	109.5	110	3	4
156	110	112	4	4
157	112	113	4	4
158	114	116	4	4
159	116	116.5	4	4
160	116.5	117	7	4
161	117	117.5	5	4
162	117.5	118	4	4
163	118	118.5	4	4
164	118.5	119	2	4
165	119	119.5	1	4
166	119.5	120	2	4
167	120	120.75	5	4
168	120.75	121	5	4
169	121	121.5	5	4
170	121.5	122	4	4
171	122	122.5	2	4
172	122.5	123	0	4
173	123	123.5	11	3
174	123.5	124	0	4
175	124	124.5	4	4
176	124.5	125	2	4
177	125	125.5	0	4
178	125.5	126	2	4
179	126	128	10	3
180	128	129	10	3
181	130.5	131	9	3
182	131	131.5	0	4
183	131.5	132	2	4
184	132	132.5	4	4
185	132.5	133.5	4	4
186	133.5	134	0	4
187	134	134.5	9	3
188	134.5	135	0	4
189	135	135.5	2	4
190	135.5	136	4	4
191	136	136.5	2	4
192	136.5	137.5	2	4
193	137.5	138	4	4
194	138	138.5	9	4
195	138.5	139	8	4
196	139	139.5	7	4
197	139.5	140	0	4
198	140	140.5	4	4
199	140.5	140.75	3	4
200	140.75	141	2	4
201	141	141.5	2	4
202	141.5	142	0	4
203	142	144	9	3
204	144	145	9	3
205	146	146.5	7	3
206	146.5	147	9	3
207	147	147.5	11	3
208	147.5	148	0	4
209	148	148.5	9	3
210	148.5	149	11	3
211	149	149.5	0	4
212	149.5	150	2	4
213	150	150.5	11	3
214	150.5	150.75	9	3
215	150.75	151	11	3
216	151	152	11	3
217	152	153.5	11	3
218	154	154.5	0	4
219	154.5	155	2	4
220	155	155.5	4	4
221	155.5	156	5	4
222	156	156.5	2	4
223	156.5	157	4	4
224	157	157.5	0	4
225	157.5	158	4	4
226	158	160	2	4
227	160	161	2	4
228	161.5	162	7	4
229	162	163	7	4
230	163	163.5	2	4
231	163.5	164	7	4
232	164	164.5	7	4
233	164.5	165.5	7	4
234	165.5	166	9	4
235	166	167	9	4
236	167	167.5	4	4
237	167.5	168	9	4
238	168	168.5	9	4
239	168.5	169.5	9	4
240	169.5	170	11	4
241	170	170.5	11	4
242	170.5	171	9	4
243	171	171.333	7	4
244	171.333	171.667	6	4
245	171.667	172	7	4
246	172	172.5	9	4
247	172.5	173	9	4
248	173	173.333	9	4
249	173.333	173.667	7	4
250	173.667	174	6	4
251	174	175	7	4
252	175	175.333	7	4
253	175.333	175.667	5	4
254	175.667	176	4	4
255	176	176.5	5	4
256	176.5	177	5	4
257	177	177.5	5	4
258	177.5	178	4	4
259	178	179	0	4
260	179	179.25	0	4
261	179.25	179.5	2	4
262	179.5	180	4	4
263	180	180.5	9	4
264	180.5	180.75	4	4
265	180.75	181	2	4
266	181	181.25	2	4
267	181.25	181.5	0	4
268	181.5	182	9	3
269	182	182.5	2	4
270	182.5	184	2	4
271	184	185	2	4
272	185.5	186	4	4
273	186	186.5	9	4
274	186.5	187	8	4
275	187	187.5	7	4
276	187.5	188	0	4
277	188	188.5	4	4
278	188.5	188.75	3	4
279	188.75	189	2	4
280	189	189.5	2	4
281	189.5	190	0	4
282	190	190.5	9	3
283	190.5	192	9	3
284	192	192.5	9	3
285	193.5	194	4	4
286	194	196	9	3
287	196	197	9	3
288	197.5	198	4	4
289	198	198.5	9	4
290	198.5	199	8	4
291	199	199.5	7	4
292	199.5	200	0	4
293	200	200.5	4	4
294	200.5	200.75	3	4
295	200.75	201	2	4
296	201	201.5	2	4
297	201.5	202	0	4
298	202	204	9	3
299	204	205	9	3
300	205.5	206	4	4
301	206	206.5	9	4
302	206.5	207	8	4
303	207	207.5	7	4
304	207.5	208	0	4
305	208	208.5	4	4
306	208.5	208.75	3	4
307	208.75	209	2	4
308	209	209.5	2	4
309	209.5	210	0	4
310	210	212	9	3
311	212	213	9	3
312	213.5	214	4	4
313	214	216	9	4
314	216	216.5	9	4
315	216.5	217	0	5
316	217	217.5	11	4
317	217.5	218	7	4
318	218	220	4	4
319	220	222	4	4
320	222	224	4	4
321	224	226	4	4
