#	Title	I'll Walk Alone
#	Title	Jule Styne, Sammy Cahn - I'll Walk Alone.xml
1	1.375	1.5	4	3
2	1.5	1.875	5	3
3	1.875	2	6	3
4	2	3	7	3
5	3	3.375	7	3
6	3.375	3.5	4	3
7	3.5	3.875	5	3
8	3.875	4	6	3
9	4	4.375	7	3
10	4.375	4.5	0	4
11	4.5	4.75	2	4
12	4.75	5	4	4
13	5	5.375	4	4
14	5.375	5.5	5	4
15	5.5	6	4	4
16	6	7	2	4
17	7	8	7	3
18	8	8.5	7	3
19	8.5	8.875	7	4
20	8.875	9	6	4
21	9	9.375	7	4
22	9.375	9.5	9	4
23	9.5	9.75	7	4
24	9.75	10	6	4
25	10	11	6	4
26	11	12	2	4
27	12	12.5	2	4
28	12.5	12.875	5	4
29	12.875	13	4	4
30	13	13.375	5	4
31	13.375	13.5	7	4
32	13.5	13.75	5	4
33	13.75	14	4	4
34	14	15	4	4
35	15	15.375	4	4
36	15.375	15.5	0	4
37	15.5	15.875	2	4
38	15.875	16	4	4
39	16	17	2	4
40	17	17.25	2	4
41	17.375	17.5	4	3
42	17.5	17.875	5	3
43	17.875	18	6	3
44	18	19	7	3
45	19	19.375	7	3
46	19.375	19.5	4	3
47	19.5	19.875	5	3
48	19.875	20	6	3
49	20	20.375	7	3
50	20.375	20.5	0	4
51	20.5	20.75	2	4
52	20.75	21	4	4
53	21	21.375	4	4
54	21.375	21.5	5	4
55	21.5	22	4	4
56	22	23	2	4
57	23	24	7	3
58	24	24.5	7	3
59	24.5	24.875	7	4
60	24.875	25	6	4
61	25	25.375	7	4
62	25.375	25.5	9	4
63	25.5	25.75	7	4
64	25.75	26	6	4
65	26	27	6	4
66	27	28	2	4
67	28	28.5	2	4
68	28.5	28.875	5	4
69	28.875	29	4	4
70	29	29.375	5	4
71	29.375	29.5	7	4
72	29.5	29.75	5	4
73	29.75	30	4	4
74	30	31	4	4
75	31	31.375	4	4
76	31.375	31.5	0	4
77	31.5	31.875	2	4
78	31.875	32	4	4
79	32	33.5	2	4
80	33.75	34	0	4
81	34	34.375	2	4
82	34.375	34.5	0	4
83	34.5	34.75	4	4
84	34.75	35	2	4
85	35	35.25	2	4
86	35.25	35.75	2	4
87	35.75	36	0	4
88	36	36.375	2	4
89	36.375	36.5	0	4
90	36.5	36.75	4	4
91	36.75	37	2	4
92	37	37.5	2	4
93	37.5	38	4	4
94	38	39	11	3
95	39	39.375	11	3
96	39.375	39.5	9	3
97	39.5	39.875	0	4
98	39.875	40	4	4
99	40	41.5	7	4
100	41.75	42	4	4
101	42	42.375	6	4
102	42.375	42.5	4	4
103	42.5	42.75	7	4
104	42.75	43	6	4
105	43	43.25	6	4
106	43.25	43.75	6	4
107	43.75	44	4	4
108	44	44.375	6	4
109	44.375	44.5	4	4
110	44.5	44.75	7	4
111	44.75	45	6	4
112	45	45.375	6	4
113	45.375	45.5	7	4
114	45.5	45.875	6	4
115	45.875	46	7	4
116	46	47	4	4
117	47	47.375	4	4
118	47.375	47.5	5	4
119	47.5	47.875	4	4
120	47.875	48	5	4
121	48	49	2	4
122	49	49.25	2	4
123	49.375	49.5	4	3
124	49.5	49.875	5	3
125	49.875	50	6	3
126	50	51	7	3
127	51	51.375	7	3
128	51.375	51.5	4	3
129	51.5	51.875	5	3
130	51.875	52	6	3
131	52	52.375	7	3
132	52.375	52.5	0	4
133	52.5	52.75	2	4
134	52.75	53	4	4
135	53	53.375	4	4
136	53.375	53.5	5	4
137	53.5	54	4	4
138	54	55	2	4
139	55	56	7	3
140	56	56.5	7	3
141	56.5	56.875	7	4
142	56.875	57	6	4
143	57	57.375	7	4
144	57.375	57.5	9	4
145	57.5	57.75	7	4
146	57.75	58	6	4
147	58	59	6	4
148	59	60	2	4
149	60	60.5	2	4
150	60.5	61	4	4
151	61	61.5	5	4
152	61.5	62	11	3
153	62	64	0	4
154	65.375	65.5	4	3
155	65.5	65.875	5	3
156	65.875	66	6	3
157	66	67	7	3
158	67	67.375	7	3
159	67.375	67.5	4	3
160	67.5	67.875	5	3
161	67.875	68	6	3
162	68	68.375	7	3
163	68.375	68.5	0	4
164	68.5	68.75	2	4
165	68.75	69	4	4
166	69	69.375	4	4
167	69.375	69.5	5	4
168	69.5	70	4	4
169	70	71	2	4
170	71	72	7	3
171	72	72.5	7	3
172	72.5	72.875	7	4
173	72.875	73	6	4
174	73	73.375	7	4
175	73.375	73.5	9	4
176	73.5	73.75	7	4
177	73.75	74	6	4
178	74	75	6	4
179	75	76	2	4
180	76	76.5	2	4
181	76.5	76.875	5	4
182	76.875	77	4	4
183	77	77.375	5	4
184	77.375	77.5	7	4
185	77.5	77.75	5	4
186	77.75	78	4	4
187	78	79	4	4
188	79	79.375	4	4
189	79.375	79.5	0	4
190	79.5	79.875	2	4
191	79.875	80	4	4
192	80	81	2	4
193	81	81.25	2	4
194	81.375	81.5	4	3
195	81.5	81.875	5	3
196	81.875	82	6	3
197	82	83	7	3
198	83	83.375	7	3
199	83.375	83.5	4	3
200	83.5	83.875	5	3
201	83.875	84	6	3
202	84	84.375	7	3
203	84.375	84.5	0	4
204	84.5	84.75	2	4
205	84.75	85	4	4
206	85	85.375	4	4
207	85.375	85.5	5	4
208	85.5	86	4	4
209	86	87	2	4
210	87	88	7	3
211	88	88.5	7	3
212	88.5	88.875	7	4
213	88.875	89	6	4
214	89	89.375	7	4
215	89.375	89.5	9	4
216	89.5	89.75	7	4
217	89.75	90	6	4
218	90	91	6	4
219	91	92	2	4
220	92	92.5	2	4
221	92.5	92.875	5	4
222	92.875	93	4	4
223	93	93.375	5	4
224	93.375	93.5	7	4
225	93.5	93.75	5	4
226	93.75	94	4	4
227	94	95	4	4
228	95	95.375	4	4
229	95.375	95.5	0	4
230	95.5	95.875	2	4
231	95.875	96	4	4
232	96	97.5	2	4
233	97.75	98	0	4
234	98	98.375	2	4
235	98.375	98.5	0	4
236	98.5	98.75	4	4
237	98.75	99	2	4
238	99	99.25	2	4
239	99.25	99.75	2	4
240	99.75	100	0	4
241	100	100.375	2	4
242	100.375	100.5	0	4
243	100.5	100.75	4	4
244	100.75	101	2	4
245	101	101.5	2	4
246	101.5	102	4	4
247	102	103	11	3
248	103	103.375	11	3
249	103.375	103.5	9	3
250	103.5	103.875	0	4
251	103.875	104	4	4
252	104	105.5	7	4
253	105.75	106	4	4
254	106	106.375	6	4
255	106.375	106.5	4	4
256	106.5	106.75	7	4
257	106.75	107	6	4
258	107	107.25	6	4
259	107.25	107.75	6	4
260	107.75	108	4	4
261	108	108.375	6	4
262	108.375	108.5	4	4
263	108.5	108.75	7	4
264	108.75	109	6	4
265	109	109.375	6	4
266	109.375	109.5	7	4
267	109.5	109.875	6	4
268	109.875	110	7	4
269	110	111	4	4
270	111	111.375	4	4
271	111.375	111.5	5	4
272	111.5	111.875	4	4
273	111.875	112	5	4
274	112	113	2	4
275	113	113.25	2	4
276	113.375	113.5	4	3
277	113.5	113.875	5	3
278	113.875	114	6	3
279	114	115	7	3
280	115	115.375	7	3
281	115.375	115.5	4	3
282	115.5	115.875	5	3
283	115.875	116	6	3
284	116	116.375	7	3
285	116.375	116.5	0	4
286	116.5	116.75	2	4
287	116.75	117	4	4
288	117	117.375	4	4
289	117.375	117.5	5	4
290	117.5	118	4	4
291	118	119	2	4
292	119	120	7	3
293	120	120.5	7	3
294	120.5	120.875	7	4
295	120.875	121	6	4
296	121	121.375	7	4
297	121.375	121.5	9	4
298	121.5	121.75	7	4
299	121.75	122	6	4
300	122	123	6	4
301	123	124	2	4
302	124	124.5	2	4
303	124.5	125	4	4
304	125	125.5	5	4
305	125.5	126	11	3
306	126	128	0	4
307	128	130	0	4
