#	Title	I BROKE MY ARM TO MEET YOU
#	Title	Kevin Cavanaugh - I BROKE MY ARM TO MEET YOU.xml
1	0	1	0	3
2	1	1.5	0	3
3	2	2.5	3	3
4	2.5	3	2	3
5	3.5	4	0	3
6	8	9	0	3
7	9	9.5	0	3
8	10	10.5	3	3
9	10.5	11	2	3
10	11.5	12	0	3
11	12.5	13	0	4
12	13	13.5	0	4
13	13.5	14	0	4
14	14	14.5	3	4
15	14.5	15	3	4
16	15	16	2	4
17	16	17	0	4
18	21	22	0	4
19	22	23	2	4
20	23	23.5	3	4
21	23.5	24	2	4
22	24	24.5	0	4
23	31.5	32	0	4
24	32	33	7	4
25	33	34	7	4
26	34	35	3	4
27	35	35.5	2	4
28	35.5	36	0	4
29	37	38	0	4
30	38	39	2	4
31	39	39.5	7	3
32	39.5	40	0	4
33	46.5	47	0	4
34	47	47.5	0	4
35	47.5	48	0	4
36	48	49	5	4
37	49	50	3	4
38	50	52	5	4
39	53	53.5	5	4
40	53.5	54	3	4
41	54	54.5	5	4
42	54.5	55	7	4
43	55	56	7	4
44	56	57	3	4
45	56.5	57	2	4
46	57	57.5	2	4
47	57.5	58	0	4
48	58	59	0	4
49	63	64	0	4
50	64	66.5	7	4
51	66	66.5	3	4
52	66.5	67	2	4
53	67.5	68	0	4
54	69	70	0	4
55	70	71	2	4
56	71	71.5	9	3
57	71.5	72	0	4
58	78	79	3	4
59	79	80	0	4
60	80	81	2	4
61	81	82	0	4
62	82	82.5	2	4
63	82.5	83	3	4
64	83.5	84	2	4
65	84	85	2	4
66	85.5	86	2	4
67	86	87	2	4
68	87	88	3	4
69	88	89	2	4
70	89	90	0	4
71	90	90.5	3	4
72	90.5	91	3	4
73	91.5	92	0	4
74	92	93	0	4
75	94.5	95	0	4
76	95	95.5	0	4
77	95.5	96	0	4
78	96	97	7	4
79	97	98	7	4
80	98	99	6	4
81	99	99.5	6	4
82	99.5	100.5	6	4
83	100	100.5	5	4
84	100.5	102	5	4
85	101	102	4	4
86	104	105	7	4
87	105	106.5	7	4
88	106	106.5	6	4
89	106.5	107	6	4
90	107	107.5	6	4
91	107.5	108.5	6	4
92	108	108.5	5	4
93	108.5	109	5	4
94	109.5	110	4	4
95	110	111	4	4
96	112	113	7	4
97	113	114	7	4
98	114	115	6	4
99	115	115.5	6	4
100	115.5	116.5	6	4
101	116	116.5	5	4
102	116.5	118	5	4
103	117	118	4	4
104	120	121	7	4
105	121	122.5	7	4
106	122	122.5	6	4
107	122.5	123	6	4
108	123	123.5	6	4
109	123.5	124.5	6	4
110	124	124.5	5	4
111	124.5	125	5	4
112	125.5	126	4	4
113	126	127	4	4
114	128	129	0	3
115	129	129.5	0	3
116	130	130.5	3	3
117	130.5	131	2	3
118	131.5	132	0	3
119	136	137	0	3
120	137	137.5	0	3
121	138	138.5	3	3
122	138.5	139	2	3
123	139.5	140	0	3
124	140.5	141	0	4
125	141	141.5	0	4
126	141.5	142	0	4
127	142	142.5	3	4
128	142.5	143	3	4
129	143	144	2	4
130	144	145	0	4
131	149	150	0	4
132	150	151	2	4
133	151	151.5	3	4
134	151.5	152	2	4
135	152	152.5	0	4
136	159.5	160	0	4
137	160	161	7	4
138	161	162	7	4
139	162	163	3	4
140	163	163.5	2	4
141	163.5	164	0	4
142	165	166	0	4
143	166	167	2	4
144	167	167.5	7	3
145	167.5	168	0	4
146	174.5	175	0	4
147	175	175.5	0	4
148	175.5	176	0	4
149	176	177	5	4
150	177	178	3	4
151	178	180	5	4
152	181	181.5	5	4
153	181.5	182	3	4
154	182	182.5	5	4
155	182.5	183	7	4
156	183	184	7	4
157	184	185	3	4
158	184.5	185	2	4
159	185	185.5	2	4
160	185.5	186	0	4
161	186	187	0	4
162	191	192	0	4
163	192	194.5	7	4
164	194	194.5	3	4
165	194.5	195	2	4
166	195.5	196	0	4
167	197	198	0	4
168	198	199	2	4
169	199	199.5	9	3
170	199.5	200	0	4
171	206	207	3	4
172	207	208	0	4
173	208	209	2	4
174	209	210	0	4
175	210	210.5	2	4
176	210.5	211	3	4
177	211.5	212	2	4
178	212	213	2	4
179	213.5	214	2	4
180	214	215	2	4
181	215	216	3	4
182	216	217	2	4
183	217	218	0	4
184	218	218.5	3	4
185	218.5	219	3	4
186	219.5	220	0	4
187	220	221	0	4
188	222.5	223	0	4
189	223	223.5	0	4
190	223.5	224	0	4
191	224	225	7	4
192	225	226	7	4
193	226	227	6	4
194	227	227.5	6	4
195	227.5	228.5	6	4
196	228	228.5	5	4
197	228.5	230	5	4
198	229	230	4	4
199	232	233	7	4
200	233	234.5	7	4
201	234	234.5	6	4
202	234.5	235	6	4
203	235	235.5	6	4
204	235.5	236.5	6	4
205	236	236.5	5	4
206	236.5	237	5	4
207	237.5	238	4	4
208	238	239	4	4
209	240	241	7	4
210	241	242	7	4
211	242	243	6	4
212	243	243.5	6	4
213	243.5	244.5	6	4
214	244	244.5	5	4
215	244.5	246	5	4
216	245	246	4	4
217	248	249	7	4
218	249	250.5	7	4
219	250	250.5	6	4
220	250.5	251	6	4
221	251	251.5	6	4
222	251.5	252.5	6	4
223	252	252.5	5	4
224	252.5	253	5	4
225	253.5	254	4	4
226	254	255	4	4
227	256	257	9	3
228	257	257.5	0	4
229	257.5	258	2	4
230	258	259	2	4
231	259	260	0	4
232	260	261	2	4
233	261	262	4	4
234	262	263	0	4
235	263	264	0	4
236	264	266	2	4
237	266	266.5	2	4
238	266.5	267	2	4
239	267	268	3	4
240	268	268.5	2	4
241	268.5	269	3	4
242	269	269.5	3	4
243	269.5	270	0	4
244	270	271.5	0	4
245	272	273	9	3
246	273	274	0	4
247	274	275	2	4
248	275	276	0	4
249	276	276.5	3	4
250	276.5	277	3	4
251	277	277.5	2	4
252	277.5	278	0	4
253	278	280	0	4
254	280	280.5	2	4
255	280.5	281	2	4
256	281	281.5	2	4
257	281.5	282	2	4
258	282	282.5	2	4
259	282.5	283	2	4
260	283	283.5	2	4
261	283.5	284	2	4
262	284	284.5	3	4
263	284.5	285	3	4
264	285	285.5	3	4
265	285.5	286.5	3	4
266	286	286.5	2	4
267	286.5	287	2	4
268	287	288	2	4
269	288	290	2	4
270	290	292	2	4
271	294	295	0	3
272	295	295.5	0	3
273	296	296.5	3	3
274	296.5	297	2	3
275	297.5	298	0	3
276	302	303	0	3
277	303	303.5	0	3
278	304	304.5	3	3
279	304.5	305	2	3
280	305.5	306	0	3
281	310	311	0	3
282	311	311.5	0	3
283	312	312.5	3	3
284	312.5	313	2	3
285	313.5	314	0	3
286	318	319	0	3
287	319	319.5	0	3
288	320	320.5	3	3
289	320.5	321	2	3
290	321.5	322	0	3
291	323	323.5	4	4
292	323.5	324	4	4
293	324	324.5	5	4
294	324.5	325	5	4
295	325	326	4	4
296	326	327	2	4
297	328	328.5	2	4
298	329.5	330	0	4
299	330	330.5	2	4
300	330.5	331	2	4
301	331	331.5	2	4
302	331.5	332	4	4
303	332	333	2	4
304	333	334	2	4
305	333.5	334	3	4
306	334	335	9	3
307	335	336	9	3
308	336	337	9	3
309	337	337.5	5	3
310	337.5	338	9	3
311	338	338.5	9	3
312	341	342	0	4
313	342	343	7	4
314	343	344	7	4
315	344	345	6	4
316	345	345.5	6	4
317	345.5	346.5	6	4
318	346	346.5	5	4
319	346.5	348	5	4
320	347	348	4	4
321	350	351	7	4
322	351	352.5	7	4
323	352	352.5	6	4
324	352.5	353	6	4
325	353	353.5	6	4
326	353.5	354.5	6	4
327	354	354.5	5	4
328	354.5	355	5	4
329	355.5	356	4	4
330	356	357	4	4
331	358	359	7	4
332	359	360	7	4
333	360	361	6	4
334	361	361.5	6	4
335	361.5	362.5	6	4
336	362	362.5	5	4
337	362.5	364	5	4
338	363	364	4	4
339	366	367	7	4
340	367	368.5	7	4
341	368	368.5	6	4
342	368.5	369	6	4
343	369	369.5	6	4
344	369.5	370.5	6	4
345	370	370.5	5	4
346	370.5	371	5	4
347	371.5	372	4	4
348	372	373	4	4
349	374	375	7	4
350	375	376	7	4
351	376	377	6	4
352	377	377.5	6	4
353	377.5	378.5	6	4
354	378	378.5	5	4
355	378.5	380	5	4
356	379	380	4	4
357	382	383	7	4
358	383	384.5	7	4
359	384	384.5	6	4
360	384.5	385	6	4
361	385	385.5	6	4
362	385.5	386.5	6	4
363	386	386.5	5	4
364	386.5	387	5	4
365	387.5	388	4	4
366	388	389	4	4
367	390	391	7	4
368	391	392	7	4
369	392	393	6	4
370	393	393.5	6	4
371	393.5	394.5	6	4
372	394	394.5	5	4
373	394.5	396	5	4
374	395	396	4	4
375	398	399	7	4
376	399	400.5	7	4
377	400	400.5	6	4
378	400.5	401	6	4
379	401	401.5	6	4
380	401.5	402.5	6	4
381	402	402.5	5	4
382	402.5	403	5	4
383	403.5	404	4	4
384	404	405	4	4
385	406	407	0	3
386	407	408	0	3
387	408	408.5	3	3
388	408.5	409	2	3
389	409	409.5	2	3
390	409.5	410	0	3
391	410.5	411	0	4
392	411	411.5	0	4
393	411.5	412	0	4
394	412	413	3	4
395	413	413.5	2	4
396	413.5	414	0	4
