#	Title	May You Always
#	Title	Larry Markes & Dick Charles - May You Always.xml
1	0	1	4	4
2	1	2	7	4
3	2	3	0	5
4	3	4	4	5
5	4	5	4	4
6	5	6	8	4
7	6	7	11	4
8	7	8	2	5
9	8	9	0	5
10	9	10	9	4
11	10	11	7	4
12	11	12	5	4
13	12	13	4	4
14	13	14	0	4
15	14	15	2	4
16	15	16	7	3
17	16	17	4	4
18	17	18	3	4
19	18	19.5	4	4
20	19.5	20	7	3
21	20	21	4	4
22	21	22	3	4
23	22	23.5	2	4
24	23.5	24	7	3
25	24	25	2	4
26	25	26	1	4
27	26	27.5	2	4
28	27.5	28	4	4
29	28	29	2	4
30	29	30	1	4
31	30	31.5	0	4
32	31.5	32	7	3
33	32	33	9	3
34	33	34	0	4
35	34	35	5	4
36	35	36	8	3
37	36	37	7	3
38	37	38	0	4
39	38	39.5	4	4
40	39.5	40	4	4
41	40	41	2	4
42	41	42	4	4
43	42	42.5	2	4
44	42.5	43	0	4
45	43	43.5	11	3
46	43.5	44	9	3
47	44	45	11	3
48	45	46	0	4
49	46	47	2	4
50	47.5	48	7	3
51	48	49	4	4
52	49	50	3	4
53	50	51.5	4	4
54	51.5	52	7	3
55	52	53	4	4
56	53	54	3	4
57	54	55.5	2	4
58	55.5	56	7	3
59	56	57	2	4
60	57	58	1	4
61	58	59	2	4
62	59	60	4	4
63	60	61	2	4
64	61	62	1	4
65	62	63.5	0	4
66	63.5	64	7	3
67	64	65	9	3
68	65	66	0	4
69	66	67	5	4
70	67	68	8	3
71	68	69	7	3
72	69	70	0	4
73	70	72	4	4
74	72	73	2	4
75	73	74	4	4
76	74	74.5	2	4
77	74.5	75	0	4
78	75	75.5	11	3
79	75.5	76	9	3
80	76	77	11	3
81	77	78	0	4
82	78	80	2	4
83	80	81	4	3
84	81	82	7	3
85	82	83	0	4
86	83	84	4	4
87	84	85	4	3
88	85	86	8	3
89	86	87	11	3
90	87	88	2	4
91	88	89	0	4
92	89	90	9	3
93	90	91	4	3
94	91	92	0	4
95	92	93	10	3
96	93	94	7	3
97	94	96	4	3
98	96	97	9	3
99	97	98	11	3
100	98	99	0	4
101	99	100	9	3
102	100	101	7	3
103	101	102	9	3
104	102	103	11	3
105	103	104	0	4
106	104	105	6	3
107	105	106	4	4
108	106	107	2	4
109	107	108	9	3
110	108	109	11	3
111	109	110	0	4
112	110	112	2	4
113	112	113	4	3
114	113	114	7	3
115	114	115	0	4
116	115	116	4	4
117	116	117	4	3
118	117	118	8	3
119	118	119	11	3
120	119	120	2	4
121	120	121	0	4
122	121	122	9	3
123	122	123	4	3
124	123	124	0	4
125	124	125	10	3
126	125	126	7	3
127	126	128	4	3
128	128	129	9	3
129	129	130	11	3
130	130	131	0	4
131	131	132	9	3
132	132	133	7	3
133	133	134	9	3
134	134	135	11	3
135	135	136	0	4
136	136	137	6	3
137	137	138	4	4
138	138	139	2	4
139	139	140	9	3
140	140	141	11	3
141	141	142	2	4
142	142	144	0	4
143	144	145	0	4
144	145	146	0	4
145	146	147	0	4
146	147	148	4	4
147	148	149.5	2	4
148	149.5	150	0	4
149	150	151	2	4
150	151	152	4	4
151	152	153	0	4
152	153	154	0	4
153	154	155	0	4
154	155	156	4	4
155	156	159	2	4
156	159	160	9	3
157	160	161	2	4
158	161	162	2	4
159	162	163	2	4
160	163	164	6	4
161	164	165.5	4	4
162	165.5	166	2	4
163	166	167	4	4
164	167	168	6	4
165	168	169	2	4
166	169	170	4	4
167	170	171	0	4
168	171	172	2	4
169	172	173	11	3
170	173	174	0	4
171	174	175	9	3
172	175	176	7	3
173	176	177	4	3
174	177	178	7	3
175	178	179	0	4
176	179	180	4	4
177	180	181	4	3
178	181	182	8	3
179	182	183	11	3
180	183	184	2	4
181	184	185	0	4
182	185	186	9	3
183	186	187	4	3
184	187	188	0	4
185	188	189	10	3
186	189	190	7	3
187	190	192	4	3
188	192	193	9	3
189	193	194	11	3
190	194	195	0	4
191	195	196	9	3
192	196	197	7	3
193	197	198	7	4
194	198	199.5	5	4
195	199.5	200	9	3
196	200	201	4	4
197	201	202	2	4
198	202	203	0	4
199	203	204	2	4
200	204	206	0	4
201	206	207	2	4
202	207	208	4	4
203	208	210	5	4
204	210	211	7	4
205	211	212	9	4
206	212	216	0	5
