#	Title	Thanks For The Memory
#	Title	Leo Robin, Ralph Rainger - Thanks For The Memory.xml
1	0	2	7	4
2	3	3.5	4	4
3	3.5	4	2	4
4	4	4.5	0	4
5	4.5	5	9	3
6	5	7	9	3
7	7.5	8	7	3
8	8	8.5	9	3
9	8.5	9	9	3
10	9	9.25	9	3
11	9.25	9.5	7	3
12	9.5	10	10	3
13	10	11	10	3
14	12	12.5	11	3
15	12.5	13	11	3
16	13	13.25	11	3
17	13.25	13.5	9	3
18	13.5	14	0	4
19	14	15	0	4
20	15.5	16	0	4
21	16	16.5	1	4
22	16.5	17	1	4
23	17	17.5	1	4
24	17.5	18	1	4
25	18	18.5	2	4
26	18.5	19	2	4
27	19	19.5	2	4
28	19.5	20	2	4
29	20	20.5	4	4
30	20.5	21	4	4
31	21	21.25	4	4
32	21.25	21.5	4	4
33	21.5	22	5	4
34	22	23	5	4
35	23	24	7	4
36	24	25	9	4
37	25	26	9	3
38	27	28	0	4
39	28	31	2	4
40	32	34	7	4
41	35	35.5	4	4
42	35.5	36	2	4
43	36	36.5	0	4
44	36.5	37	9	3
45	37	39	9	3
46	39.5	40	7	3
47	40	40.5	9	3
48	40.5	41	9	3
49	41	41.25	9	3
50	41.25	41.5	7	3
51	41.5	42	10	3
52	42	43	10	3
53	44	44.5	11	3
54	44.5	45	11	3
55	45	45.25	11	3
56	45.25	45.5	9	3
57	45.5	46	0	4
58	46	47	0	4
59	47.5	48	0	4
60	48	48.5	1	4
61	48.5	49	1	4
62	49	49.5	1	4
63	49.5	50	1	4
64	50	50.5	2	4
65	50.5	51	2	4
66	51	51.5	2	4
67	51.5	52	2	4
68	52	52.5	4	4
69	52.5	53	4	4
70	53	53.25	4	4
71	53.25	53.5	4	4
72	53.5	54	5	4
73	54	55	5	4
74	55	56	7	4
75	56	57	9	4
76	57	58	9	3
77	59	60	0	4
78	60	63	2	4
79	64	64.6667	3	4
80	64.6667	65.3333	3	4
81	65.3333	66	3	4
82	66	66.6667	2	4
83	66.6667	67.3333	2	4
84	67.3333	68	2	4
85	68	69	0	4
86	69	70	0	4
87	71	72	7	4
88	72	72.6667	3	4
89	72.6667	73.3333	3	4
90	73.3333	74	3	4
91	74	74.6667	2	4
92	74.6667	75.3333	2	4
93	75.3333	76	2	4
94	76	77	1	4
95	77	78	1	4
96	79	80	1	4
97	80	81	2	4
98	81	81.5	2	4
99	81.5	82	2	4
100	82	83	7	4
101	83	83.5	7	4
102	83.5	84	7	4
103	84	85	9	3
104	85	86	9	3
105	87	88	11	3
106	88	89	2	4
107	89	90	2	4
108	90	91	2	4
109	91.5	92	7	3
110	92	93	3	4
111	93	94	3	4
112	94	95	3	4
113	95	96	4	4
114	96	98	7	4
115	99	99.5	4	4
116	99.5	100	2	4
117	100	100.5	0	4
118	100.5	101	9	3
119	101	103	9	3
120	103.5	104	7	3
121	104	104.5	9	3
122	104.5	105	9	3
123	105	105.25	9	3
124	105.25	105.5	7	3
125	105.5	106	10	3
126	106	107	10	3
127	108	108.5	11	3
128	108.5	109	11	3
129	109	109.25	11	3
130	109.25	109.5	9	3
131	109.5	110	0	4
132	110	111	0	4
133	111.5	112	0	4
134	112	112.5	1	4
135	112.5	113	1	4
136	113	113.5	1	4
137	113.5	114	1	4
138	114	114.5	2	4
139	114.5	115	2	4
140	115	115.5	2	4
141	115.5	116	2	4
142	116	116.5	4	4
143	116.5	117	4	4
144	117	117.25	4	4
145	117.25	117.5	4	4
146	117.5	118	5	4
147	118	119	5	4
148	119	120	7	4
149	120	121	9	4
150	121	123	9	3
151	123	124	4	4
152	124	127	0	4
153	128	130	7	4
154	131	131.5	4	4
155	131.5	132	2	4
156	132	132.5	0	4
157	132.5	133	9	3
158	133	135	9	3
159	135.5	136	7	3
160	136	136.5	9	3
161	136.5	137	9	3
162	137	137.25	9	3
163	137.25	137.5	7	3
164	137.5	138	10	3
165	138	139	10	3
166	140	140.5	11	3
167	140.5	141	11	3
168	141	141.25	11	3
169	141.25	141.5	9	3
170	141.5	142	0	4
171	142	143	0	4
172	143.5	144	0	4
173	144	144.5	1	4
174	144.5	145	1	4
175	145	145.5	1	4
176	145.5	146	1	4
177	146	146.5	2	4
178	146.5	147	2	4
179	147	147.5	2	4
180	147.5	148	2	4
181	148	148.5	4	4
182	148.5	149	4	4
183	149	149.25	4	4
184	149.25	149.5	4	4
185	149.5	150	5	4
186	150	151	5	4
187	151	152	7	4
188	152	153	9	4
189	153	154	9	3
190	155	156	0	4
191	156	159	2	4
192	160	162	7	4
193	163	163.5	4	4
194	163.5	164	2	4
195	164	164.5	0	4
196	164.5	165	9	3
197	165	167	9	3
198	167.5	168	7	3
199	168	168.5	9	3
200	168.5	169	9	3
201	169	169.25	9	3
202	169.25	169.5	7	3
203	169.5	170	10	3
204	170	171	10	3
205	172	172.5	11	3
206	172.5	173	11	3
207	173	173.25	11	3
208	173.25	173.5	9	3
209	173.5	174	0	4
210	174	175	0	4
211	175.5	176	0	4
212	176	176.5	1	4
213	176.5	177	1	4
214	177	177.5	1	4
215	177.5	178	1	4
216	178	178.5	2	4
217	178.5	179	2	4
218	179	179.5	2	4
219	179.5	180	2	4
220	180	180.5	4	4
221	180.5	181	4	4
222	181	181.25	4	4
223	181.25	181.5	4	4
224	181.5	182	5	4
225	182	183	5	4
226	183	184	7	4
227	184	185	9	4
228	185	186	9	3
229	187	188	0	4
230	188	191	2	4
231	192	192.667	3	4
232	192.667	193.333	3	4
233	193.333	194	3	4
234	194	194.667	2	4
235	194.667	195.333	2	4
236	195.333	196	2	4
237	196	197	0	4
238	197	198	0	4
239	199	200	7	4
240	200	200.667	3	4
241	200.667	201.333	3	4
242	201.333	202	3	4
243	202	202.667	2	4
244	202.667	203.333	2	4
245	203.333	204	2	4
246	204	205	1	4
247	205	206	1	4
248	207	208	1	4
249	208	209	2	4
250	209	209.5	2	4
251	209.5	210	2	4
252	210	211	7	4
253	211	211.5	7	4
254	211.5	212	7	4
255	212	213	9	3
256	213	214	9	3
257	215	216	11	3
258	216	217	2	4
259	217	218	2	4
260	218	219	2	4
261	219.5	220	7	3
262	220	221	3	4
263	221	222	3	4
264	222	223	3	4
265	223	224	4	4
266	224	226	7	4
267	227	227.5	4	4
268	227.5	228	2	4
269	228	228.5	0	4
270	228.5	229	9	3
271	229	231	9	3
272	231.5	232	7	3
273	232	232.5	9	3
274	232.5	233	9	3
275	233	233.25	9	3
276	233.25	233.5	7	3
277	233.5	234	10	3
278	234	235	10	3
279	236	236.5	11	3
280	236.5	237	11	3
281	237	237.25	11	3
282	237.25	237.5	9	3
283	237.5	238	0	4
284	238	239	0	4
285	239.5	240	0	4
286	240	240.5	1	4
287	240.5	241	1	4
288	241	241.5	1	4
289	241.5	242	1	4
290	242	242.5	2	4
291	242.5	243	2	4
292	243	243.5	2	4
293	243.5	244	2	4
294	244	244.5	4	4
295	244.5	245	4	4
296	245	245.25	4	4
297	245.25	245.5	4	4
298	245.5	246	5	4
299	246	248	5	4
300	248	248.5	6	4
301	248.5	249	6	4
302	249	249.5	6	4
303	249.5	250	6	4
304	250	250.5	7	4
305	250.5	251	7	4
306	251.5	251.75	7	4
307	251.75	252	7	4
308	252	252.5	8	4
309	252.5	253	8	4
310	253	253.25	8	4
311	253.25	253.5	8	4
312	253.5	254	8	4
313	254	255	8	4
314	255	256	8	4
315	256	257	9	4
316	257	259	9	3
317	259	260	4	4
318	260	264	0	4
