#	Title	If only
#	Title	Les Kettley - If only.xml
1	0	1	4	4
2	1	3	2	4
3	3	4	11	3
4	4	5	4	4
5	5	7	2	4
6	7	8	11	3
7	8	9	4	4
8	9	11	2	4
9	11	12	0	4
10	12	13	11	3
11	13	16	0	4
12	16	17	2	4
13	17	19	0	4
14	19	20	11	3
15	20	21	9	3
16	21	24	11	3
17	24	25	0	4
18	25	27	11	3
19	27	28	9	3
20	28	29	7	3
21	29	32	9	3
22	32	34	4	4
23	34	35	2	4
24	35	36	0	4
25	36	37	0	4
26	37	38	11	3
27	38	39	11	3
28	39	40	11	3
29	40	41	0	4
30	41	42	2	4
31	42	44	2	4
32	44	48	0	4
33	49	50	0	4
34	50	51	0	4
35	51	52	11	3
36	52	53	11	3
37	53	54	9	3
38	54	55	11	3
39	55	56	11	3
40	56	57	11	3
41	57	58	0	4
42	58	60	11	3
43	60	64	11	3
44	65	66	11	3
45	66	67	11	3
46	67	68	9	3
47	68	69	9	3
48	69	70	7	3
49	70	72	7	3
50	72	73	9	3
51	73	74	11	3
52	74	76	11	3
53	76	80	9	3
54	80	82	9	3
55	82	83	9	3
56	83	84	7	3
57	84	85	7	3
58	85	86	6	3
59	86	88	6	3
60	88	89	7	3
61	89	90	9	3
62	90	92	7	3
63	92	94	7	3
64	94	94.3333	11	3
65	94.3333	94.6667	2	4
66	94.6667	95	5	4
67	95	96	9	4
68	96	97	8	4
69	97	98	7	4
70	98	99	5	4
71	99	100	5	4
72	100	101	4	4
73	101	102	4	4
74	102	103	5	4
75	103	104	5	4
76	104	105	7	4
77	105	107	7	4
78	107	108	5	4
79	108	112	5	4
80	112	113	5	4
81	113	114	5	4
82	114	115	4	4
83	115	116	4	4
84	116	117	2	4
85	117	118	2	4
86	118	119	4	4
87	119	120	4	4
88	120	121	5	4
89	121	124	4	4
90	124	126	4	4
91	126	127	7	4
92	127	128	9	4
93	128	129	11	4
94	129	130	0	5
95	130	131	9	4
96	131	132	9	4
97	132	133	9	4
98	133	135	9	4
99	135	136	9	4
100	136	137	9	4
101	137	138	0	5
102	138	139	9	4
103	139	140	9	4
104	140	141	9	4
105	141	144	9	4
106	144	145	9	4
107	145	146	0	5
108	146	147	9	4
109	147	148	9	4
110	148	149	9	4
111	149	150	11	4
112	150	151	11	4
113	151	152	0	5
114	152	153	2	5
115	153	156	0	5
116	156	157	4	4
117	157	159	2	4
118	159	160	11	3
119	160	161	4	4
120	161	163	2	4
121	163	164	11	3
122	164	165	4	4
123	165	167	2	4
124	167	168	0	4
125	168	169	11	3
126	169	172	0	4
127	172	173	2	4
128	173	175	0	4
129	175	176	11	3
130	176	177	9	3
131	177	180	11	3
132	180	181	0	4
133	181	183	11	3
134	183	184	9	3
135	184	185	7	3
136	185	188	9	3
137	188	189	4	4
138	189	191	2	4
139	191	192	11	3
140	192	193	4	4
141	193	195	2	4
142	195	196	11	3
143	196	197	4	4
144	197	199	2	4
145	199	200	0	4
146	200	201	11	3
147	201	204	0	4
148	204	205	2	4
149	205	207	0	4
150	207	208	11	3
151	208	209	9	3
152	209	212	11	3
153	212	213	2	4
154	213	215	4	4
155	215	216	6	4
156	216	217	7	4
157	217	220	7	4
