1	0	0.5	#
2	0.5	1	-4
3	1	2	-5
4	2	2.5	9
5	2.5	3	-4
6	3	4	-5
7	4	4.5	9
8	4.5	5	-5
9	5	6	-4
10	6	6.5	9
11	6.5	7	-5
12	7	8	-4
13	8	9	7
14	9	10	-2
15	10	11	-3
16	11	12	-4
17	12	15	2
18	16	17	-3
19	17	18.5	3
20	18.5	19	0
21	19	19.5	0
22	19.5	20	-2
23	20	21	-1
24	21	22	3
25	22	24	0
26	24	25	2
27	25	26	-2
28	26	27	-2
29	27	28	0
30	28	29	-1
31	29	32	1
32	32	33	-3
33	33	34.5	3
34	34.5	35	0
35	35	35.5	0
36	35.5	36	-1
37	36	37	-2
38	37	38	3
39	38	40	0
40	40	41	2
41	41	42	-2
42	42	43	-1
43	43	44	0
44	44	45	-2
45	45	48	2
46	48	49	1
47	49	50.5	2
48	50.5	51	0
49	51	51.5	0
50	51.5	52	-2
51	52	53	-1
52	53	54	3
53	54	56	0
54	56	56.5	2
55	56.5	57	1
56	57	58	4
57	58	59	-2
58	59	60	0
59	60	61	-3
60	61	64	3
61	64	65	2
62	65	66.5	2
63	66.5	67	0
64	67	68	-2
65	68	69	-2
66	69	70	4
67	70	71	-7
68	71	72	0
69	72	73	0
70	73	73.5	7
71	73.5	74	0
72	74	75	-7
73	75	76	7
74	76	77	-2
75	77	80	-2
76	80	81	-1
77	81	82	-2
78	82	83	-1
79	83	84	-1
80	84	88	0
81	88	88.5	-3
82	88.5	89	1
83	89	90	2
84	90	90.5	-3
85	90.5	91	1
86	91	92	2
87	92	92.5	-3
88	92.5	93	1
89	93	94	2
90	94	94.5	-3
91	94.5	95	1
92	95	96	2
93	96	97	2
94	97	98	-2
95	98	99	-2
96	99	100	0
97	100	101	-1
98	101	104	1
99	104	104.5	-3
100	104.5	105	2
101	105	106	1
102	106	106.5	-3
103	106.5	107	2
104	107	108	1
105	108	108.5	-3
106	108.5	109	2
107	109	110	1
108	110	110.5	-3
109	110.5	111	2
110	111	112	1
111	112	113	2
112	113	114	-2
113	114	115	-1
114	115	116	0
115	116	117	-2
116	117	120	2
117	120	120.5	0
118	120.5	121	1
119	121	122	2
120	122	122.5	-3
121	122.5	123	1
122	123	124	2
123	124	124.5	-3
124	124.5	125	1
125	125	126	2
126	126	126.5	-3
127	126.5	127	1
128	127	128	2
129	128	129	2
130	129	130	-2
131	130	131	-2
132	131	132	0
133	132	133	-1
134	133	136	1
135	136	136.5	-3
136	136.5	137	2
137	137	138	1
138	138	138.5	-3
139	138.5	139	2
140	139	140	1
141	140	140.5	-3
142	140.5	141	2
143	141	142	1
144	142	142.5	-3
145	142.5	143	2
146	143	144	1
147	144	145	-1
148	145	147	-2
149	147	148	7
150	148	149	0
151	149	151	-2
152	151	152	7
153	152	153	0
154	153	156	-2
155	156	160	0
