#	Title	Manhattan Serenade
#	Title	Louis Alter, Harold Adamson - Manhattan Serenade.xml
1	0	0.75	2	4
2	0.75	1	0	4
3	1	1.25	0	4
4	1.25	1.75	2	4
5	1.75	2	0	4
6	2	2.75	2	4
7	2.75	3	0	4
8	3	3.25	0	4
9	3.25	3.75	2	4
10	3.75	4	0	4
11	4	4.25	9	3
12	4.25	4.75	8	3
13	4.75	5	7	3
14	5	6	7	3
15	6	7	7	3
16	8	8.75	2	4
17	8.75	9	0	4
18	9	9.25	0	4
19	9.25	9.75	2	4
20	9.75	10	0	4
21	10	10.75	2	4
22	10.75	11	0	4
23	11	11.25	0	4
24	11.25	11.75	2	4
25	11.75	12	0	4
26	12	12.25	9	3
27	12.25	12.75	8	3
28	12.75	13	7	3
29	13	14	7	3
30	14	15	7	3
31	16.25	16.5	0	4
32	16.5	16.75	2	4
33	16.75	17	4	4
34	17	17.5	9	4
35	17.5	18	9	4
36	18	18.5	4	4
37	18.5	19	4	4
38	19	20	9	3
39	20.25	20.5	0	4
40	20.5	20.75	2	4
41	20.75	21	0	4
42	21	21.5	7	4
43	21.5	22	5	4
44	22	24	4	4
45	24.25	24.5	9	3
46	24.5	24.75	11	3
47	24.75	25	0	4
48	25	25.5	4	4
49	25.5	26	4	4
50	26	26.5	0	4
51	26.5	27	0	4
52	27	28	9	3
53	28.25	28.5	9	3
54	28.5	28.75	11	3
55	28.75	29	9	3
56	29	29.5	0	4
57	29.5	30	0	4
58	30	32	11	3
59	32	32.75	2	4
60	32.75	33	0	4
61	33	33.25	0	4
62	33.25	33.75	2	4
63	33.75	34	0	4
64	34	34.75	2	4
65	34.75	35	0	4
66	35	35.25	0	4
67	35.25	35.75	2	4
68	35.75	36	0	4
69	36	36.25	9	3
70	36.25	36.75	8	3
71	36.75	37	7	3
72	37	38	7	3
73	38	39	7	3
74	40	40.75	2	4
75	40.75	41	0	4
76	41	41.25	0	4
77	41.25	41.75	2	4
78	41.75	42	0	4
79	42	42.75	2	4
80	42.75	43	0	4
81	43	43.25	0	4
82	43.25	43.75	2	4
83	43.75	44	0	4
84	44	44.25	9	3
85	44.25	44.75	8	3
86	44.75	45	7	3
87	45	46	7	3
88	46	47	7	3
89	48	48.25	7	3
90	48.25	48.75	9	3
91	48.75	49	0	4
92	49	49.25	0	4
93	49.25	49.5	2	4
94	49.5	50	4	4
95	50	52	9	4
96	52	52.25	0	4
97	52.25	52.75	2	4
98	52.75	53	4	4
99	53	53.25	4	4
100	53.25	53.5	7	4
101	53.5	54	9	4
102	54	55.5	11	4
103	55.5	56	9	4
104	56	56.25	7	4
105	56.25	56.75	7	4
106	56.75	57	4	4
107	57	57.25	7	4
108	57.25	57.75	7	4
109	57.75	58	4	4
110	58	58.25	7	4
111	58.25	58.75	7	4
112	58.75	59	4	4
113	59	59.25	7	4
114	59.25	59.5	4	4
115	59.5	59.75	2	4
116	59.75	60	9	3
117	60	61	0	4
118	64	64.75	2	4
119	64.75	65	0	4
120	65	65.25	0	4
121	65.25	65.75	2	4
122	65.75	66	0	4
123	66	66.75	2	4
124	66.75	67	0	4
125	67	67.25	0	4
126	67.25	67.75	2	4
127	67.75	68	0	4
128	68	68.25	9	3
129	68.25	68.75	8	3
130	68.75	69	7	3
131	69	70	7	3
132	70	71	7	3
133	72	72.75	2	4
134	72.75	73	0	4
135	73	73.25	0	4
136	73.25	73.75	2	4
137	73.75	74	0	4
138	74	74.75	2	4
139	74.75	75	0	4
140	75	75.25	0	4
141	75.25	75.75	2	4
142	75.75	76	0	4
143	76	76.25	9	3
144	76.25	76.75	8	3
145	76.75	77	7	3
146	77	78	7	3
147	78	79	7	3
148	80.25	80.5	0	4
149	80.5	80.75	2	4
150	80.75	81	4	4
151	81	81.5	9	4
152	81.5	82	9	4
153	82	82.5	4	4
154	82.5	83	4	4
155	83	84	9	3
156	84.25	84.5	0	4
157	84.5	84.75	2	4
158	84.75	85	0	4
159	85	85.5	7	4
160	85.5	86	5	4
161	86	88	4	4
162	88.25	88.5	9	3
163	88.5	88.75	11	3
164	88.75	89	0	4
165	89	89.5	4	4
166	89.5	90	4	4
167	90	90.5	0	4
168	90.5	91	0	4
169	91	92	9	3
170	92.25	92.5	9	3
171	92.5	92.75	11	3
172	92.75	93	9	3
173	93	93.5	0	4
174	93.5	94	0	4
175	94	96	11	3
176	96	96.75	2	4
177	96.75	97	0	4
178	97	97.25	0	4
179	97.25	97.75	2	4
180	97.75	98	0	4
181	98	98.75	2	4
182	98.75	99	0	4
183	99	99.25	0	4
184	99.25	99.75	2	4
185	99.75	100	0	4
186	100	100.25	9	3
187	100.25	100.75	8	3
188	100.75	101	7	3
189	101	102	7	3
190	102	103	7	3
191	104	104.75	2	4
192	104.75	105	0	4
193	105	105.25	0	4
194	105.25	105.75	2	4
195	105.75	106	0	4
196	106	106.75	2	4
197	106.75	107	0	4
198	107	107.25	0	4
199	107.25	107.75	2	4
200	107.75	108	0	4
201	108	108.25	9	3
202	108.25	108.75	8	3
203	108.75	109	7	3
204	109	110	7	3
205	110	111	7	3
206	112	112.25	7	3
207	112.25	112.75	9	3
208	112.75	113	0	4
209	113	113.25	0	4
210	113.25	113.5	2	4
211	113.5	114	4	4
212	114	116	9	4
213	116	116.25	0	4
214	116.25	116.75	2	4
215	116.75	117	4	4
216	117	117.25	4	4
217	117.25	117.5	7	4
218	117.5	118	9	4
219	118	119.5	11	4
220	119.5	120	9	4
221	120	120.25	7	4
222	120.25	120.75	7	4
223	120.75	121	4	4
224	121	121.25	7	4
225	121.25	121.75	7	4
226	121.75	122	4	4
227	122	122.25	7	4
228	122.25	122.75	7	4
229	122.75	123	4	4
230	123	123.25	7	4
231	123.25	123.5	4	4
232	123.5	123.75	2	4
233	123.75	124	9	3
234	124	126	0	4
235	126	127	0	4
