#	Title	A White Sport Coat
#	Title	Marty Robbins - A White Sport Coat.xml
1	3	4	7	4
2	4	7	0	5
3	7	8	4	4
4	8	11	7	4
5	11	11.5	2	4
6	11.5	12	4	4
7	12	15	5	4
8	15	16	5	4
9	16	17	4	4
10	17	20	2	4
11	21	22	0	5
12	22	23	9	4
13	23	24	5	4
14	24	26	4	4
15	26	27	4	4
16	27	27.5	3	4
17	27.5	28	4	4
18	28	32	4	4
19	32	35	4	4
20	35	36	7	4
21	36	39	0	5
22	39	40	4	4
23	40	43	7	4
24	43	43.5	2	4
25	43.5	44	4	4
26	44	47	5	4
27	47	48	5	4
28	48	49	4	4
29	49	52	2	4
30	53	54	0	5
31	54	55	9	4
32	55	56	5	4
33	56	58	4	4
34	58	59	4	4
35	59	60	4	4
36	60	64	0	4
37	64	68	0	4
38	69	69.5	2	4
39	69.5	70	4	4
40	70	71.5	5	4
41	71.5	72	4	4
42	72	73	2	4
43	73	73.5	4	4
44	73.5	74	5	4
45	74	76	5	4
46	77	77.5	4	4
47	77.5	78	5	4
48	78	79.5	7	4
49	79.5	80	5	4
50	80	81	4	4
51	81	81.5	5	4
52	81.5	82	7	4
53	82	84	7	4
54	85	85.5	6	4
55	85.5	86	7	4
56	86	87.5	9	4
57	87.5	88	7	4
58	88	89	6	4
59	89	89.5	7	4
60	89.5	90	9	4
61	90	92	9	4
62	93	93.5	7	4
63	93.5	94	9	4
64	94	95.5	11	4
65	95.5	96	9	4
66	96	97	7	4
67	97	98	9	4
68	98	99	11	4
69	99	100	7	4
70	100	103	0	5
71	103	104	4	4
72	104	107	7	4
73	107	107.5	2	4
74	107.5	108	4	4
75	108	111	5	4
76	111	112	5	4
77	112	113	4	4
78	113	116	2	4
79	117	118	0	5
80	118	119	9	4
81	119	120	5	4
82	120	122	4	4
83	122	124	4	4
84	124	128	0	4
85	128	129	0	4
86	131	132	7	4
87	135	136	7	4
88	136	139	0	5
89	139	140	4	4
90	140	143	7	4
91	143	143.5	2	4
92	143.5	144	4	4
93	144	147	5	4
94	147	148	5	4
95	148	149	4	4
96	149	152	2	4
97	153	154	0	5
98	154	155	9	4
99	155	156	5	4
100	156	158	4	4
101	158	159	4	4
102	159	159.5	3	4
103	159.5	160	4	4
104	160	164	4	4
105	164	167	4	4
106	167	168	7	4
107	168	171	0	5
108	171	172	4	4
109	172	175	7	4
110	175	175.5	2	4
111	175.5	176	4	4
112	176	179	5	4
113	179	180	5	4
114	180	181	4	4
115	181	184	2	4
116	185	186	0	5
117	186	187	9	4
118	187	188	5	4
119	188	190	4	4
120	190	191	4	4
121	191	192	4	4
122	192	196	0	4
123	196	200	0	4
124	201	201.5	2	4
125	201.5	202	4	4
126	202	203.5	5	4
127	203.5	204	4	4
128	204	205	2	4
129	205	205.5	4	4
130	205.5	206	5	4
131	206	208	5	4
132	209	209.5	4	4
133	209.5	210	5	4
134	210	211.5	7	4
135	211.5	212	5	4
136	212	213	4	4
137	213	213.5	5	4
138	213.5	214	7	4
139	214	216	7	4
140	217	217.5	6	4
141	217.5	218	7	4
142	218	219.5	9	4
143	219.5	220	7	4
144	220	221	6	4
145	221	221.5	7	4
146	221.5	222	9	4
147	222	224	9	4
148	225	225.5	7	4
149	225.5	226	9	4
150	226	227.5	11	4
151	227.5	228	9	4
152	228	229	7	4
153	229	230	9	4
154	230	231	11	4
155	231	232	7	4
156	232	235	0	5
157	235	236	4	4
158	236	239	7	4
159	239	239.5	2	4
160	239.5	240	4	4
161	240	243	5	4
162	243	244	5	4
163	244	245	4	4
164	245	248	2	4
165	249	250	0	5
166	250	251	9	4
167	251	252	5	4
168	252	254	4	4
169	254	256	4	4
170	256	260	0	4
171	260	262	0	4
