1	0	1	#
2	1	2	12
3	2	2.5	-1
4	2.5	3	-2
5	3	3.5	-2
6	3.5	4	-2
7	4	5	-1
8	5	6	5
9	6	6.5	-2
10	6.5	7	-2
11	7	7.5	-1
12	7.5	8	-2
13	8	10	2
14	10	11	-2
15	11	12	-2
16	12	14	4
17	14	15	0
18	15	16	0
19	16	17	-4
20	17	18	12
21	18	18.5	-1
22	18.5	19	-2
23	19	19.5	-2
24	19.5	20	-2
25	20	21	-1
26	21	22	0
27	22	23	0
28	23	24	0
29	24	25	-4
30	25	26	9
31	26	26.5	-2
32	26.5	27	-2
33	27	27.5	-1
34	27.5	28	-2
35	28	30	-2
36	30	32	0
37	32	33	0
38	33	34	0
39	34	34.5	2
40	34.5	35	0
41	35	35.5	-2
42	35.5	36	2
43	36	36.6667	2
44	36.6667	37.3333	3
45	37.3333	38	2
46	38	39.5	2
47	39.5	40	-2
48	40	41	-1
49	41	42	0
50	42	42.5	2
51	42.5	43	-2
52	43	43.5	-1
53	43.5	44	-2
54	44	46	2
55	46	46.5	0
56	46.5	47	-2
57	47	47.5	-1
58	47.5	48	-2
59	48	49	-2
60	49	50	12
61	50	50.5	-1
62	50.5	51	-2
63	51	51.5	-2
64	51.5	52	-2
65	52	52.5	-1
66	52.5	53	0
67	53	54	0
68	54	55	0
69	55	56	0
70	56	57	-4
71	57	58	9
72	58	58.5	-2
73	58.5	59	-2
74	59	59.5	-1
75	59.5	60	-2
76	60	62	-2
77	62	63	0
78	63	64	0
79	64	65	0
80	65	66	0
81	66	67	2
82	67	67.5	-2
83	67.5	68	2
84	68	68.6667	2
85	68.6667	69.3333	3
86	69.3333	70	2
87	70	71.5	2
88	71.5	72	-2
89	72	72.5	-2
90	72.5	73	-3
91	73	73.5	5
92	73.5	74	-2
93	74	75.5	-2
94	75.5	76	-6
95	76	78	1
96	78.5	79	0
97	79	79.5	-1
98	79.5	80	1
99	80	82	10
100	82	82.5	0
101	82.5	83	-1
102	83	83.5	-2
103	83.5	84	-1
104	84	86	1
105	86.5	87	-7
106	87	87.5	-1
107	87.5	88	1
108	88	88.5	10
109	88.5	89	-1
110	89	89.5	1
111	89.5	90	-1
112	90	90.5	1
113	90.5	91	-1
114	91	91.5	-2
115	91.5	92	-2
116	92	94	2
117	94.5	95	-7
118	95	95.5	-1
119	95.5	96	1
120	96	96.5	8
121	96.5	97	-1
122	97	98	1
123	98	98.5	0
124	98.5	99	-1
125	99	99.5	-2
126	99.5	100	-2
127	100	102	2
128	102	102.5	0
129	102.5	103	-2
130	103	103.5	2
131	103.5	104	-2
132	104	104.5	-1
133	104.5	105	0
134	105	105.333	0
135	105.333	105.667	0
136	105.667	106	0
137	106	106.667	0
138	106.667	107.333	0
139	107.333	108	0
140	108	109	0
141	109	111	0
142	111.5	112	2
143	112	113	-4
144	113	114	12
145	114	114.5	-1
146	114.5	115	-2
147	115	115.5	-2
148	115.5	116	-2
149	116	117	-1
150	117	118	0
151	118	119.5	0
152	119.5	120	0
153	120	121	-4
154	121	122	9
155	122	122.5	-2
156	122.5	123	-2
157	123	123.5	-1
158	123.5	124	-2
159	124	126	-2
160	126	127	0
161	127.5	128	-1
162	128	129	1
163	129	129.5	-1
164	129.5	130	1
165	130	131	2
166	131	131.5	-2
167	131.5	132	2
168	132	133	2
169	133	133.5	3
170	133.5	134	2
171	134	135	2
172	135	135.5	1
173	135.5	136	-3
174	136	137	-2
175	137	138	-7
176	138	139	0
177	139	140	2
178	140	143	-2
179	144	145	0
180	145	146	12
181	146	146.5	-1
182	146.5	147	-2
183	147	147.5	-2
184	147.5	148	-2
185	148	149	-1
186	149	150	0
187	150	151	0
188	151	152	0
189	152	153	-4
190	153	154	9
191	154	154.5	-2
192	154.5	155	-2
193	155	155.5	-1
194	155.5	156	-2
195	156	158	-2
196	158	160	0
197	160	161	0
198	161	162	0
199	162	162.5	2
200	162.5	163	0
201	163	163.5	-2
202	163.5	164	2
203	164	164.667	2
204	164.667	165.333	3
205	165.333	166	2
206	166	167.5	2
207	167.5	168	-2
208	168	169	-1
209	169	170	0
210	170	170.5	2
211	170.5	171	-2
212	171	171.5	-1
213	171.5	172	-2
214	172	174	2
215	174	174.5	0
216	174.5	175	-2
217	175	175.5	-1
218	175.5	176	-2
219	176	177	-2
220	177	178	12
221	178	178.5	-1
222	178.5	179	-2
223	179	179.5	-2
224	179.5	180	-2
225	180	180.5	-1
226	180.5	181	0
227	181	182	0
228	182	183	0
229	183	184	0
230	184	185	-4
231	185	186	9
232	186	186.5	-2
233	186.5	187	-2
234	187	187.5	-1
235	187.5	188	-2
236	188	190	-2
237	190	191	0
238	191	192	0
239	192	193	0
240	193	194	0
241	194	195	2
242	195	195.5	-2
243	195.5	196	2
244	196	196.667	2
245	196.667	197.333	3
246	197.333	198	2
247	198	199.5	2
248	199.5	200	-2
249	200	200.5	-2
250	200.5	201	-3
251	201	201.5	5
252	201.5	202	-2
253	202	203.5	-2
254	203.5	204	-6
255	204	206	1
256	206.5	207	0
257	207	207.5	-1
258	207.5	208	1
259	208	210	10
260	210	210.5	0
261	210.5	211	-1
262	211	211.5	-2
263	211.5	212	-1
264	212	214	1
265	214.5	215	-7
266	215	215.5	-1
267	215.5	216	1
268	216	216.5	10
269	216.5	217	-1
270	217	217.5	1
271	217.5	218	-1
272	218	218.5	1
273	218.5	219	-1
274	219	219.5	-2
275	219.5	220	-2
276	220	222	2
277	222.5	223	-7
278	223	223.5	-1
279	223.5	224	1
280	224	224.5	8
281	224.5	225	-1
282	225	226	1
283	226	226.5	0
284	226.5	227	-1
285	227	227.5	-2
286	227.5	228	-2
287	228	230	2
288	230	230.5	0
289	230.5	231	-2
290	231	231.5	2
291	231.5	232	-2
292	232	232.5	-1
293	232.5	233	0
294	233	233.333	0
295	233.333	233.667	0
296	233.667	234	0
297	234	234.667	0
298	234.667	235.333	0
299	235.333	236	0
300	236	237	0
301	237	239	0
302	239.5	240	2
303	240	241	-4
304	241	242	12
305	242	242.5	-1
306	242.5	243	-2
307	243	243.5	-2
308	243.5	244	-2
309	244	245	-1
310	245	246	0
311	246	247.5	0
312	247.5	248	0
313	248	249	-4
314	249	250	9
315	250	250.5	-2
316	250.5	251	-2
317	251	251.5	-1
318	251.5	252	-2
319	252	254	-2
320	254	255	0
321	255.5	256	-1
322	256	257	1
323	257	257.5	-1
324	257.5	258	1
325	258	259	2
326	259	259.5	-2
327	259.5	260	2
328	260	261	2
329	261	261.5	3
330	261.5	262	2
331	262	263	2
332	263	263.5	1
333	263.5	264	-3
334	264	265	-2
335	265	266	-7
336	266	267	0
337	267	268	2
338	268	272	-2
