#	Title	He Wears A Pair Of Silver Wings
#	Title	Michael Carr, Eric Maschwitz - He Wears A Pair Of Silver Wings.xml
1	0.75	1	7	4
2	1	1.75	5	4
3	1.75	2	7	4
4	2	2.75	5	4
5	2.75	3	4	4
6	3	3.75	11	3
7	3.75	4	0	4
8	4	4.75	4	4
9	4.75	5	2	4
10	5	5.33333	1	4
11	5.33333	5.66667	2	4
12	5.66667	6	5	4
13	6	7.5	5	4
14	7.5	8	4	4
15	8	8.75	2	4
16	8.75	9	0	4
17	9	9.75	11	3
18	9.75	10	0	4
19	10	10.75	4	4
20	10.75	11	4	4
21	11	11.3333	0	4
22	11.3333	11.6667	0	4
23	11.6667	12	11	3
24	12	15	11	3
25	15.5	16	9	3
26	16	16.75	0	4
27	16.75	17	0	4
28	17	17.75	9	3
29	17.75	18	0	4
30	18	18.75	4	4
31	18.75	19	2	4
32	19	19.3333	4	4
33	19.3333	19.6667	5	4
34	19.6667	20	7	4
35	20	20.75	7	4
36	20.75	21	7	4
37	21	21.75	4	4
38	21.75	22	7	4
39	22	23.5	11	4
40	23.5	24	9	4
41	24	24.75	7	4
42	24.75	25	5	4
43	25	25.75	4	4
44	25.75	26	5	4
45	26	27	9	4
46	27	28	4	4
47	28	32	2	4
48	32.75	33	7	4
49	33	33.75	5	4
50	33.75	34	7	4
51	34	34.75	5	4
52	34.75	35	4	4
53	35	35.75	11	3
54	35.75	36	0	4
55	36	36.75	4	4
56	36.75	37	2	4
57	37	37.3333	1	4
58	37.3333	37.6667	2	4
59	37.6667	38	5	4
60	38	39.5	5	4
61	39.5	40	4	4
62	40	40.75	2	4
63	40.75	41	0	4
64	41	41.75	11	3
65	41.75	42	0	4
66	42	42.75	4	4
67	42.75	43	4	4
68	43	43.3333	0	4
69	43.3333	43.6667	0	4
70	43.6667	44	11	3
71	44	47	11	3
72	47.5	48	9	3
73	48	48.75	0	4
74	48.75	49	0	4
75	49	49.75	9	3
76	49.75	50	0	4
77	50	50.75	4	4
78	50.75	51	2	4
79	51	51.3333	4	4
80	51.3333	51.6667	5	4
81	51.6667	52	7	4
82	52	52.75	7	4
83	52.75	53	7	4
84	53	53.75	4	4
85	53.75	54	7	4
86	54	55.5	11	4
87	55.5	56	9	4
88	56	56.75	7	4
89	56.75	57	5	4
90	57	57.75	4	4
91	57.75	58	5	4
92	58	59	4	4
93	59	60	4	4
94	60	64	0	4
95	64	64.75	0	4
96	64.75	65	10	3
97	65	65.75	9	3
98	65.75	66	10	3
99	66	66.75	1	4
100	66.75	67	0	4
101	67	67.75	11	3
102	67.75	68	0	4
103	68	69	3	4
104	69	71	3	4
105	71	71.5	4	4
106	71.5	72	5	4
107	72	73	8	4
108	73	74	5	4
109	74	75	7	4
110	75	76	3	4
111	76	80	0	4
112	80	80.6667	4	4
113	80.6667	81.3333	1	4
114	81.3333	82	2	4
115	82	82.6667	5	4
116	82.6667	83.3333	3	4
117	83.3333	84	4	4
118	84	85	7	4
119	85	88	7	4
120	88	88.6667	7	4
121	88.6667	89.3333	7	4
122	89.3333	90	7	4
123	90	90.6667	11	4
124	90.6667	91.3333	11	4
125	91.3333	92	11	4
126	92	96	7	4
127	96.75	97	7	4
128	97	97.75	5	4
129	97.75	98	7	4
130	98	98.75	5	4
131	98.75	99	4	4
132	99	99.75	11	3
133	99.75	100	0	4
134	100	100.75	4	4
135	100.75	101	2	4
136	101	101.333	1	4
137	101.333	101.667	2	4
138	101.667	102	5	4
139	102	103.5	5	4
140	103.5	104	4	4
141	104	104.75	2	4
142	104.75	105	0	4
143	105	105.75	11	3
144	105.75	106	0	4
145	106	106.75	4	4
146	106.75	107	4	4
147	107	107.333	0	4
148	107.333	107.667	0	4
149	107.667	108	11	3
150	108	111	11	3
151	111.5	112	9	3
152	112	112.75	0	4
153	112.75	113	0	4
154	113	113.75	9	3
155	113.75	114	0	4
156	114	114.75	4	4
157	114.75	115	2	4
158	115	115.333	4	4
159	115.333	115.667	5	4
160	115.667	116	7	4
161	116	116.75	7	4
162	116.75	117	7	4
163	117	117.75	4	4
164	117.75	118	7	4
165	118	119.5	11	4
166	119.5	120	9	4
167	120	120.75	7	4
168	120.75	121	5	4
169	121	121.75	4	4
170	121.75	122	5	4
171	122	123	9	4
172	123	124	11	3
173	124	127	0	4
174	128.75	129	7	4
175	129	129.75	5	4
176	129.75	130	7	4
177	130	130.75	5	4
178	130.75	131	4	4
179	131	131.75	11	3
180	131.75	132	0	4
181	132	132.75	4	4
182	132.75	133	2	4
183	133	133.333	1	4
184	133.333	133.667	2	4
185	133.667	134	5	4
186	134	135.5	5	4
187	135.5	136	4	4
188	136	136.75	2	4
189	136.75	137	0	4
190	137	137.75	11	3
191	137.75	138	0	4
192	138	138.75	4	4
193	138.75	139	4	4
194	139	139.333	0	4
195	139.333	139.667	0	4
196	139.667	140	11	3
197	140	143	11	3
198	143.5	144	9	3
199	144	144.75	0	4
200	144.75	145	0	4
201	145	145.75	9	3
202	145.75	146	0	4
203	146	146.75	4	4
204	146.75	147	2	4
205	147	147.333	4	4
206	147.333	147.667	5	4
207	147.667	148	7	4
208	148	148.75	7	4
209	148.75	149	7	4
210	149	149.75	4	4
211	149.75	150	7	4
212	150	151.5	11	4
213	151.5	152	9	4
214	152	152.75	7	4
215	152.75	153	5	4
216	153	153.75	4	4
217	153.75	154	5	4
218	154	155	9	4
219	155	156	4	4
220	156	160	2	4
221	160.75	161	7	4
222	161	161.75	5	4
223	161.75	162	7	4
224	162	162.75	5	4
225	162.75	163	4	4
226	163	163.75	11	3
227	163.75	164	0	4
228	164	164.75	4	4
229	164.75	165	2	4
230	165	165.333	1	4
231	165.333	165.667	2	4
232	165.667	166	5	4
233	166	167.5	5	4
234	167.5	168	4	4
235	168	168.75	2	4
236	168.75	169	0	4
237	169	169.75	11	3
238	169.75	170	0	4
239	170	170.75	4	4
240	170.75	171	4	4
241	171	171.333	0	4
242	171.333	171.667	0	4
243	171.667	172	11	3
244	172	175	11	3
245	175.5	176	9	3
246	176	176.75	0	4
247	176.75	177	0	4
248	177	177.75	9	3
249	177.75	178	0	4
250	178	178.75	4	4
251	178.75	179	2	4
252	179	179.333	4	4
253	179.333	179.667	5	4
254	179.667	180	7	4
255	180	180.75	7	4
256	180.75	181	7	4
257	181	181.75	4	4
258	181.75	182	7	4
259	182	183.5	11	4
260	183.5	184	9	4
261	184	184.75	7	4
262	184.75	185	5	4
263	185	185.75	4	4
264	185.75	186	5	4
265	186	187	4	4
266	187	188	4	4
267	188	192	0	4
268	192	192.75	0	4
269	192.75	193	10	3
270	193	193.75	9	3
271	193.75	194	10	3
272	194	194.75	1	4
273	194.75	195	0	4
274	195	195.75	11	3
275	195.75	196	0	4
276	196	197	3	4
277	197	199	3	4
278	199	199.5	4	4
279	199.5	200	5	4
280	200	201	8	4
281	201	202	5	4
282	202	203	7	4
283	203	204	3	4
284	204	208	0	4
285	208	208.667	4	4
286	208.667	209.333	1	4
287	209.333	210	2	4
288	210	210.667	5	4
289	210.667	211.333	3	4
290	211.333	212	4	4
291	212	213	7	4
292	213	216	7	4
293	216	216.667	7	4
294	216.667	217.333	7	4
295	217.333	218	7	4
296	218	218.667	11	4
297	218.667	219.333	11	4
298	219.333	220	11	4
299	220	224	7	4
300	224.75	225	7	4
301	225	225.75	5	4
302	225.75	226	7	4
303	226	226.75	5	4
304	226.75	227	4	4
305	227	227.75	11	3
306	227.75	228	0	4
307	228	228.75	4	4
308	228.75	229	2	4
309	229	229.333	1	4
310	229.333	229.667	2	4
311	229.667	230	5	4
312	230	231.5	5	4
313	231.5	232	4	4
314	232	232.75	2	4
315	232.75	233	0	4
316	233	233.75	11	3
317	233.75	234	0	4
318	234	234.75	4	4
319	234.75	235	4	4
320	235	235.333	0	4
321	235.333	235.667	0	4
322	235.667	236	11	3
323	236	239	11	3
324	239.5	240	9	3
325	240	240.75	0	4
326	240.75	241	0	4
327	241	241.75	9	3
328	241.75	242	0	4
329	242	242.75	4	4
330	242.75	243	2	4
331	243	243.333	4	4
332	243.333	243.667	5	4
333	243.667	244	7	4
334	244	244.75	7	4
335	244.75	245	7	4
336	245	245.75	4	4
337	245.75	246	7	4
338	246	247.5	11	4
339	247.5	248	9	4
340	248	248.75	7	4
341	248.75	249	5	4
342	249	249.75	4	4
343	249.75	250	5	4
344	250	251	9	4
345	251	252	11	3
346	252	254	0	4
347	254	255	0	4
