#	Title	Dig
#	Title	Miles Davis - Dig.xml
1	0	2	9	3
2	2	2.5	9	3
3	2.5	3.5	4	3
4	3.5	4	6	3
5	4	5	7	3
6	5	5.5	7	3
7	5.5	6	7	3
8	6	6.5	7	3
9	6.5	7	6	3
10	7	7.5	4	3
11	7.5	8	0	3
12	8	8.5	3	3
13	8.5	9	6	3
14	9	9.5	4	3
15	9.5	10	2	3
16	10	10.5	9	3
17	10.5	11	5	3
18	11	11.5	7	3
19	11.5	12	4	3
20	14.5	15.5	0	4
21	15.5	16	0	4
22	16.5	17.5	4	3
23	17.5	18	6	3
24	18	18.5	6	3
25	18.5	19.5	7	3
26	19.5	20	11	3
27	20.5	21	9	3
28	21	21.5	7	3
29	21.5	22	4	3
30	22	22.5	6	3
31	22.5	23	2	3
32	24	24.5	9	3
33	24.5	25	0	4
34	25	25.5	11	3
35	25.5	26	9	3
36	26	26.5	2	4
37	26.5	27	11	3
38	27	27.5	0	4
39	27.5	28	9	3
40	31.5	32	4	3
41	32	32.5	5	3
42	32.5	33	4	3
43	33	33.5	5	3
44	33.5	34	7	3
45	34	34.5	9	3
46	34.5	35	5	3
47	35	35.5	4	3
48	35.5	36	2	3
49	36	36.5	7	3
50	36.5	37	5	3
51	37	37.5	4	3
52	37.5	38	2	3
53	38	39	1	3
54	39	40	4	3
55	40	41.5	4	3
56	41.5	41.75	9	3
57	41.75	42	0	4
58	42	42.5	4	4
59	42.5	43	7	4
60	43	43.5	5	4
61	43.5	44	1	4
62	44	47	1	4
63	47	48	2	4
64	48	49	2	4
65	49	50	2	4
66	50	51	2	4
67	51	52	2	4
68	52	53	2	4
69	53	54	2	4
70	54	55	2	4
71	55	56	2	4
72	56	57	2	4
73	57	58	2	4
74	58	59	2	4
75	59	60	2	4
76	60	61	2	4
77	61	62	2	4
78	62	63	2	4
79	63	64	2	4
80	64	66	9	3
81	66	66.5	9	3
82	66.5	67.5	4	3
83	67.5	68	6	3
84	68	69	7	3
85	69	69.5	7	3
86	69.5	70	7	3
87	70	70.5	7	3
88	70.5	71	6	3
89	71	71.5	4	3
90	71.5	72	0	3
91	72	72.5	3	3
92	72.5	73	6	3
93	73	73.5	4	3
94	73.5	74	2	3
95	74	74.5	9	3
96	74.5	75	5	3
97	75	75.5	7	3
98	75.5	76	4	3
99	78.5	79.5	0	4
100	79.5	80	0	4
101	80.5	81.5	4	3
102	81.5	82	6	3
103	82	82.5	6	3
104	82.5	83.5	7	3
105	83.5	84	11	3
106	84.5	85	9	3
107	85	85.5	7	3
108	85.5	86	4	3
109	86	86.5	6	3
110	86.5	87	2	3
111	88	88.5	9	3
112	88.5	89	0	4
113	89	89.5	11	3
114	89.5	90	9	3
115	90	90.5	2	4
116	90.5	91	11	3
117	91	91.5	0	4
118	91.5	92	9	3
119	95.5	96	4	3
120	96	96.3333	9	3
121	96.3333	96.6667	11	3
122	96.6667	97	9	3
123	97	97.5	4	3
124	97.5	98	9	3
125	98	98.5	0	4
126	98.5	99	11	3
127	99	99.5	9	3
128	99.5	100	7	3
129	100	100.5	8	3
130	100.5	101	11	2
131	101	101.5	2	3
132	101.5	102	5	3
133	102	103	4	3
134	103	103.5	2	3
135	103.5	104	0	3
136	104	105.5	0	3
137	105.5	105.75	4	3
138	105.75	106	7	3
139	106	106.5	11	3
140	106.5	107	9	3
141	110.5	111.5	7	4
142	111.5	112	7	4
143	112	112.5	7	4
144	112.5	113.5	5	4
145	113.5	114	4	4
146	114	114.5	4	4
147	114.5	115.5	2	4
148	115.5	116	1	4
149	116	116.5	1	4
150	116.5	117.5	4	4
151	117.5	118	10	3
152	118	118.5	10	3
153	118.5	119.5	9	3
154	120.5	121	4	3
155	121	121.333	5	3
156	121.333	121.667	9	3
157	121.667	122	0	4
158	122	123	4	4
159	123	123.5	11	3
160	123.5	124	0	4
161	128	130	9	3
162	130	130.5	9	3
163	130.5	131.5	4	3
164	131.5	132	6	3
165	132	133	7	3
166	133	133.5	7	3
167	133.5	134	7	3
168	134	134.5	7	3
169	134.5	135	6	3
170	135	135.5	4	3
171	135.5	136	0	3
172	136	136.5	3	3
173	136.5	137	6	3
174	137	137.5	4	3
175	137.5	138	2	3
176	138	138.5	9	3
177	138.5	139	5	3
178	139	139.5	7	3
179	139.5	140	4	3
180	142.5	143.5	0	4
181	143.5	144	0	4
182	144.5	145.5	4	3
183	145.5	146	6	3
184	146	146.5	6	3
185	146.5	147.5	7	3
186	147.5	148	11	3
187	148.5	149	9	3
188	149	149.5	7	3
189	149.5	150	4	3
190	150	150.5	6	3
191	150.5	151	2	3
192	152	152.5	9	3
193	152.5	153	0	4
194	153	153.5	11	3
195	153.5	154	9	3
196	154	154.5	2	4
197	154.5	155	11	3
198	155	155.5	0	4
199	155.5	156	9	3
200	159.5	160	4	3
201	160	160.5	5	3
202	160.5	161	4	3
203	161	161.5	5	3
204	161.5	162	7	3
205	162	162.5	9	3
206	162.5	163	5	3
207	163	163.5	4	3
208	163.5	164	2	3
209	164	164.5	7	3
210	164.5	165	5	3
211	165	165.5	4	3
212	165.5	166	2	3
213	166	167	1	3
214	167	168	4	3
215	168	169.5	4	3
216	169.5	169.75	9	3
217	169.75	170	0	4
218	170	170.5	4	4
219	170.5	171	7	4
220	171	171.5	5	4
221	171.5	172	1	4
222	172	175	1	4
223	175	176	2	4
224	176	177	2	4
225	177	178	2	4
226	178	179	2	4
227	179	180	2	4
228	180	181	2	4
229	181	182	2	4
230	182	183	2	4
231	183	184	2	4
232	184	185	2	4
233	185	186	2	4
234	186	187	2	4
235	187	188	2	4
236	188	189	2	4
237	189	190	2	4
238	190	191	2	4
239	191	192	2	4
240	192	194	9	3
241	194	194.5	9	3
242	194.5	195.5	4	3
243	195.5	196	6	3
244	196	197	7	3
245	197	197.5	7	3
246	197.5	198	7	3
247	198	198.5	7	3
248	198.5	199	6	3
249	199	199.5	4	3
250	199.5	200	0	3
251	200	200.5	3	3
252	200.5	201	6	3
253	201	201.5	4	3
254	201.5	202	2	3
255	202	202.5	9	3
256	202.5	203	5	3
257	203	203.5	7	3
258	203.5	204	4	3
259	206.5	207.5	0	4
260	207.5	208	0	4
261	208.5	209.5	4	3
262	209.5	210	6	3
263	210	210.5	6	3
264	210.5	211.5	7	3
265	211.5	212	11	3
266	212.5	213	9	3
267	213	213.5	7	3
268	213.5	214	4	3
269	214	214.5	6	3
270	214.5	215	2	3
271	216	216.5	9	3
272	216.5	217	0	4
273	217	217.5	11	3
274	217.5	218	9	3
275	218	218.5	2	4
276	218.5	219	11	3
277	219	219.5	0	4
278	219.5	220	9	3
279	223.5	224	4	3
280	224	224.333	9	3
281	224.333	224.667	11	3
282	224.667	225	9	3
283	225	225.5	4	3
284	225.5	226	9	3
285	226	226.5	0	4
286	226.5	227	11	3
287	227	227.5	9	3
288	227.5	228	7	3
289	228	228.5	8	3
290	228.5	229	11	2
291	229	229.5	2	3
292	229.5	230	5	3
293	230	231	4	3
294	231	231.5	2	3
295	231.5	232	0	3
296	232	233.5	0	3
297	233.5	233.75	4	3
298	233.75	234	7	3
299	234	234.5	11	3
300	234.5	235	9	3
301	238.5	239.5	7	4
302	239.5	240	7	4
303	240	240.5	7	4
304	240.5	241.5	5	4
305	241.5	242	4	4
306	242	242.5	4	4
307	242.5	243.5	2	4
308	243.5	244	1	4
309	244	244.5	1	4
310	244.5	245.5	4	4
311	245.5	246	10	3
312	246	246.5	10	3
313	246.5	247.5	9	3
314	248.5	249	4	3
315	249	249.333	5	3
316	249.333	249.667	9	3
317	249.667	250	0	4
318	250	251	4	4
319	251	251.5	11	3
320	251.5	252	0	4
321	256.5	257	4	3
322	257	257.333	5	3
323	257.333	257.667	9	3
324	257.667	258	0	4
325	258	259	4	4
326	259	259.5	11	3
327	259.5	260	2	4
328	260	264	2	4
