1	0	0.5	#
2	0.5	1	0
3	1	1.5	0
4	1.5	2	0
5	2	3	0
6	3	4	0
7	4	5	2
8	5	8	-2
9	8	8.5	0
10	8.5	9	0
11	9	10	0
12	10	11	0
13	11	11.5	0
14	11.5	12	0
15	12	13	5
16	13	14	-5
17	14	15	-2
18	15	16	-1
19	16	18	-2
20	18	18.5	0
21	18.5	19	0
22	19	20	2
23	20	24	-7
24	25	26	0
25	26	26.5	5
26	26.5	27	0
27	27	28	2
28	28	31	-7
29	31	32	3
30	32	32.5	2
31	32.5	33	0
32	33	34	0
33	34	35	3
34	35	35.5	0
35	35.5	36	0
36	36	37	2
37	37	38	0
38	38	39	2
39	39	40	2
40	40	40.5	-4
41	40.5	41	0
42	41	41.5	0
43	41.5	42	0
44	42	43	0
45	43	44	0
46	44	45	2
47	45	48	-2
48	48	48.5	0
49	48.5	49	0
50	49	50	0
51	50	51	0
52	51	51.5	0
53	51.5	52	0
54	52	53	5
55	53	54	-5
56	54	55	-2
57	55	56	-1
58	56	58	-2
59	58	58.5	0
60	58.5	59	0
61	59	60	2
62	60	64	-7
63	65	66	0
64	66	66.5	5
65	66.5	67	0
66	67	68	2
67	68	71	-7
68	71	72	3
69	72	72.5	2
70	72.5	73	0
71	73	74	0
72	74	75	3
73	75	75.5	0
74	75.5	76	0
75	76	77	2
76	77	78	0
77	78	79	2
78	79	80	2
79	80	80.5	1
80	80.5	81	-3
81	81	84	-2
82	84	87	0
83	88	89.5	-7
84	89.5	90	-5
85	90	91	2
86	91	92	-4
87	92	93	0
88	93	93.5	2
89	93.5	94	0
90	94	96	5
91	96	96.5	0
92	96.5	97	0
93	97	98	-5
94	98	99	2
95	99	100	-4
96	100	101	2
97	101	102	0
98	102	103	5
99	103	104	-5
100	104	105.5	5
101	105.5	106	-5
102	106	107	2
103	107	108	-4
104	108	109	2
105	109	110	0
106	110	112	5
107	112	112.5	2
108	112.5	113	0
109	113	114	0
110	114	115	0
111	115	115.5	0
112	115.5	116	0
113	116	117	3
114	117	118	0
115	118	118.5	-1
116	118.5	119	-2
117	119	120	0
118	120	120.5	3
119	120.5	121	0
120	121	122	0
121	122	123	0
122	123	123.5	0
123	123.5	124	0
124	124	125	4
125	125	126	0
126	126	126.5	-2
127	126.5	127	-2
128	127	128	0
129	128	128.5	4
130	128.5	129	0
131	129	130	0
132	130	131	0
133	131	131.5	0
134	131.5	132	0
135	132	133	3
136	133	134	0
137	134	135	-3
138	135	136	3
139	136	140	2
140	140	144	0
141	144	144.5	-3
142	144.5	145	0
143	145	145.5	-2
144	145.5	146	-2
145	148	148.5	4
146	148.5	149	0
147	149	149.5	-2
148	149.5	150	-2
149	151	151.5	4
150	151.5	152	0
151	152	153	0
152	153	154	-4
153	154	155	2
154	155	156	-2
155	156	156.5	0
156	156.5	157	0
157	157	157.5	0
158	157.5	158	0
159	158	159	0
160	159	160	0
161	160	161	2
162	161	164	-2
163	164	164.5	0
164	164.5	165	0
165	165	166	0
166	166	167	0
167	167	167.5	0
168	167.5	168	0
169	168	169	5
170	169	170	-5
171	170	171	-2
172	171	172	-1
173	172	174	-2
174	174	174.5	0
175	174.5	175	0
176	175	176	2
177	176	180	-7
178	181	182	0
179	182	182.5	5
180	182.5	183	0
181	183	184	2
182	184	187	-7
183	187	188	3
184	188	188.5	2
185	188.5	189	0
186	189	190	0
187	190	191	3
188	191	191.5	0
189	191.5	192	0
190	192	193	2
191	193	194	0
192	194	195	2
193	195	196	2
194	196	196.5	1
195	196.5	197	-3
196	197	200	-2
197	200	203	0
198	204	205.5	-7
199	205.5	206	-5
200	206	207	2
201	207	208	-4
202	208	209	0
203	209	209.5	2
204	209.5	210	0
205	210	212	5
206	212	212.5	0
207	212.5	213	0
208	213	214	-5
209	214	215	2
210	215	216	-4
211	216	217	2
212	217	218	0
213	218	219	5
214	219	220	-5
215	220	221.5	5
216	221.5	222	-5
217	222	223	2
218	223	224	-4
219	224	225	2
220	225	226	0
221	226	228	5
222	228	228.5	2
223	228.5	229	0
224	229	230	0
225	230	231	0
226	231	231.5	0
227	231.5	232	0
228	232	233	3
229	233	234	0
230	234	234.5	-1
231	234.5	235	-2
232	235	236	0
233	236	236.5	3
234	236.5	237	0
235	237	238	0
236	238	239	0
237	239	239.5	0
238	239.5	240	0
239	240	241	4
240	241	242	0
241	242	242.5	-2
242	242.5	243	-2
243	243	244	0
244	244	244.5	4
245	244.5	245	0
246	245	246	0
247	246	247	0
248	247	247.5	0
249	247.5	248	0
250	248	249	3
251	249	250	0
252	250	251	-3
253	251	252	3
254	252	256	2
255	256	260	0
256	260	260.5	-3
257	260.5	261	0
258	261	261.5	-2
259	261.5	262	-2
260	264	264.5	4
261	264.5	265	0
262	265	265.5	-2
263	265.5	266	-2
264	267	267.5	4
265	267.5	268	0
266	268	269	0
267	269	270	-4
268	270	271	2
269	271	272	-2
270	272	272.5	0
271	272.5	273	0
272	273	273.5	0
273	273.5	274	0
274	274	274.5	0
275	274.5	275	0
276	275	275.5	0
277	275.5	276	2
278	276	279	-2
279	279	280	-3
280	280	280.5	3
281	280.5	281	0
282	281	282	0
283	282	283	0
284	283	283.5	0
285	283.5	284	0
286	284	285	5
287	285	286	-5
288	286	287	-2
289	287	288	-1
290	288	290	-2
291	290	290.5	0
292	290.5	291	0
293	291	292	2
294	292	296	-7
295	297	298	0
296	298	298.5	5
297	298.5	299	0
298	299	300	2
299	300	304	-7
300	304	304.5	5
301	304.5	305	0
302	305	306	0
303	306	307	3
304	307	307.5	0
305	307.5	308	0
306	308	309	2
307	309	310	0
308	310	311	2
309	311	312	2
310	312	312.5	1
311	312.5	313	-3
312	313	316	-2
313	316	319	0
314	320	321.5	-7
315	321.5	322	-5
316	322	323	2
317	323	324	-4
318	324	325	0
319	325	325.5	2
320	325.5	326	0
321	326	328	5
322	328	328.5	0
323	328.5	329	0
324	329	330	-5
325	330	331	2
326	331	332	-4
327	332	333	2
328	333	334	0
329	334	335	5
330	335	336	-5
331	336	337.5	5
332	337.5	338	-5
333	338	339	2
334	339	340	-4
335	340	341	0
336	341	341.5	2
337	341.5	342	0
338	342	344	5
339	344	344.5	0
340	344.5	345	0
341	345	346	-5
342	346	347	2
343	347	348	-4
344	348	349	2
345	349	350	0
346	350	351	5
347	351	352	-5
