#	Title	Cracklin' Rosie
#	Title	Neil Diamond - Cracklin' Rosie.xml
1	0	0.5	0	5
2	0.5	1	0	5
3	1	1.5	0	5
4	1.5	2	0	5
5	2	3	0	5
6	3	4	0	5
7	4	5	2	5
8	5	8	0	5
9	8	8.5	0	5
10	8.5	9	0	5
11	9	10	0	5
12	10	11	0	5
13	11	11.5	0	5
14	11.5	12	0	5
15	12	13	5	5
16	13	14	0	5
17	14	15	10	4
18	15	16	9	4
19	16	18	7	4
20	18	18.5	7	4
21	18.5	19	7	4
22	19	20	9	4
23	20	24	2	4
24	25	26	2	4
25	26	26.5	7	4
26	26.5	27	7	4
27	27	28	9	4
28	28	31	2	4
29	31	32	5	4
30	32	32.5	7	4
31	32.5	33	7	4
32	33	34	7	4
33	34	35	10	4
34	35	35.5	10	4
35	35.5	36	10	4
36	36	37	0	5
37	37	38	0	5
38	38	39	2	5
39	39	40	4	5
40	40	40.5	0	5
41	40.5	41	0	5
42	41	41.5	0	5
43	41.5	42	0	5
44	42	43	0	5
45	43	44	0	5
46	44	45	2	5
47	45	48	0	5
48	48	48.5	0	5
49	48.5	49	0	5
50	49	50	0	5
51	50	51	0	5
52	51	51.5	0	5
53	51.5	52	0	5
54	52	53	5	5
55	53	54	0	5
56	54	55	10	4
57	55	56	9	4
58	56	58	7	4
59	58	58.5	7	4
60	58.5	59	7	4
61	59	60	9	4
62	60	64	2	4
63	65	66	2	4
64	66	66.5	7	4
65	66.5	67	7	4
66	67	68	9	4
67	68	71	2	4
68	71	72	5	4
69	72	72.5	7	4
70	72.5	73	7	4
71	73	74	7	4
72	74	75	10	4
73	75	75.5	10	4
74	75.5	76	10	4
75	76	77	0	5
76	77	78	0	5
77	78	79	2	5
78	79	80	4	5
79	80	80.5	5	5
80	80.5	81	2	5
81	81	84	0	5
82	84	87	0	5
83	88	89.5	5	4
84	89.5	90	0	4
85	90	91	2	4
86	91	92	10	3
87	92	93	10	3
88	93	93.5	0	4
89	93.5	94	0	4
90	94	96	5	4
91	96	96.5	5	4
92	96.5	97	5	4
93	97	98	0	4
94	98	99	2	4
95	99	100	10	3
96	100	101	0	4
97	101	102	0	4
98	102	103	5	4
99	103	104	0	4
100	104	105.5	5	4
101	105.5	106	0	4
102	106	107	2	4
103	107	108	10	3
104	108	109	0	4
105	109	110	0	4
106	110	112	5	4
107	112	112.5	7	4
108	112.5	113	7	4
109	113	114	7	4
110	114	115	7	4
111	115	115.5	7	4
112	115.5	116	7	4
113	116	117	10	4
114	117	118	10	4
115	118	118.5	9	4
116	118.5	119	7	4
117	119	120	7	4
118	120	120.5	10	4
119	120.5	121	10	4
120	121	122	10	4
121	122	123	10	4
122	123	123.5	10	4
123	123.5	124	10	4
124	124	125	2	5
125	125	126	2	5
126	126	126.5	0	5
127	126.5	127	10	4
128	127	128	10	4
129	128	128.5	2	5
130	128.5	129	2	5
131	129	130	2	5
132	130	131	2	5
133	131	131.5	2	5
134	131.5	132	2	5
135	132	133	5	5
136	133	134	5	5
137	134	135	2	5
138	135	136	5	5
139	136	140	7	5
140	140	144	7	5
141	144	144.5	4	5
142	144.5	145	4	5
143	145	145.5	2	5
144	145.5	146	0	5
145	148	148.5	4	5
146	148.5	149	4	5
147	149	149.5	2	5
148	149.5	150	0	5
149	151	151.5	4	5
150	151.5	152	4	5
151	152	153	4	5
152	153	154	0	5
153	154	155	2	5
154	155	156	0	5
155	156	156.5	0	5
156	156.5	157	0	5
157	157	157.5	0	5
158	157.5	158	0	5
159	158	159	0	5
160	159	160	0	5
161	160	161	2	5
162	161	164	0	5
163	164	164.5	0	5
164	164.5	165	0	5
165	165	166	0	5
166	166	167	0	5
167	167	167.5	0	5
168	167.5	168	0	5
169	168	169	5	5
170	169	170	0	5
171	170	171	10	4
172	171	172	9	4
173	172	174	7	4
174	174	174.5	7	4
175	174.5	175	7	4
176	175	176	9	4
177	176	180	2	4
178	181	182	2	4
179	182	182.5	7	4
180	182.5	183	7	4
181	183	184	9	4
182	184	187	2	4
183	187	188	5	4
184	188	188.5	7	4
185	188.5	189	7	4
186	189	190	7	4
187	190	191	10	4
188	191	191.5	10	4
189	191.5	192	10	4
190	192	193	0	5
191	193	194	0	5
192	194	195	2	5
193	195	196	4	5
194	196	196.5	5	5
195	196.5	197	2	5
196	197	200	0	5
197	200	203	0	5
198	204	205.5	5	4
199	205.5	206	0	4
200	206	207	2	4
201	207	208	10	3
202	208	209	10	3
203	209	209.5	0	4
204	209.5	210	0	4
205	210	212	5	4
206	212	212.5	5	4
207	212.5	213	5	4
208	213	214	0	4
209	214	215	2	4
210	215	216	10	3
211	216	217	0	4
212	217	218	0	4
213	218	219	5	4
214	219	220	0	4
215	220	221.5	5	4
216	221.5	222	0	4
217	222	223	2	4
218	223	224	10	3
219	224	225	0	4
220	225	226	0	4
221	226	228	5	4
222	228	228.5	7	4
223	228.5	229	7	4
224	229	230	7	4
225	230	231	7	4
226	231	231.5	7	4
227	231.5	232	7	4
228	232	233	10	4
229	233	234	10	4
230	234	234.5	9	4
231	234.5	235	7	4
232	235	236	7	4
233	236	236.5	10	4
234	236.5	237	10	4
235	237	238	10	4
236	238	239	10	4
237	239	239.5	10	4
238	239.5	240	10	4
239	240	241	2	5
240	241	242	2	5
241	242	242.5	0	5
242	242.5	243	10	4
243	243	244	10	4
244	244	244.5	2	5
245	244.5	245	2	5
246	245	246	2	5
247	246	247	2	5
248	247	247.5	2	5
249	247.5	248	2	5
250	248	249	5	5
251	249	250	5	5
252	250	251	2	5
253	251	252	5	5
254	252	256	7	5
255	256	260	7	5
256	260	260.5	4	5
257	260.5	261	4	5
258	261	261.5	2	5
259	261.5	262	0	5
260	264	264.5	4	5
261	264.5	265	4	5
262	265	265.5	2	5
263	265.5	266	0	5
264	267	267.5	4	5
265	267.5	268	4	5
266	268	269	4	5
267	269	270	0	5
268	270	271	2	5
269	271	272	0	5
270	272	272.5	0	5
271	272.5	273	0	5
272	273	273.5	0	5
273	273.5	274	0	5
274	274	274.5	0	5
275	274.5	275	0	5
276	275	275.5	0	5
277	275.5	276	2	5
278	276	279	0	5
279	279	280	9	4
280	280	280.5	0	5
281	280.5	281	0	5
282	281	282	0	5
283	282	283	0	5
284	283	283.5	0	5
285	283.5	284	0	5
286	284	285	5	5
287	285	286	0	5
288	286	287	10	4
289	287	288	9	4
290	288	290	7	4
291	290	290.5	7	4
292	290.5	291	7	4
293	291	292	9	4
294	292	296	2	4
295	297	298	2	4
296	298	298.5	7	4
297	298.5	299	7	4
298	299	300	9	4
299	300	304	2	4
300	304	304.5	7	4
301	304.5	305	7	4
302	305	306	7	4
303	306	307	10	4
304	307	307.5	10	4
305	307.5	308	10	4
306	308	309	0	5
307	309	310	0	5
308	310	311	2	5
309	311	312	4	5
310	312	312.5	5	5
311	312.5	313	2	5
312	313	316	0	5
313	316	319	0	5
314	320	321.5	5	4
315	321.5	322	0	4
316	322	323	2	4
317	323	324	10	3
318	324	325	10	3
319	325	325.5	0	4
320	325.5	326	0	4
321	326	328	5	4
322	328	328.5	5	4
323	328.5	329	5	4
324	329	330	0	4
325	330	331	2	4
326	331	332	10	3
327	332	333	0	4
328	333	334	0	4
329	334	335	5	4
330	335	336	0	4
331	336	337.5	5	4
332	337.5	338	0	4
333	338	339	2	4
334	339	340	10	3
335	340	341	10	3
336	341	341.5	0	4
337	341.5	342	0	4
338	342	344	5	4
339	344	344.5	5	4
340	344.5	345	5	4
341	345	346	0	4
342	346	347	2	4
343	347	348	10	3
344	348	349	0	4
345	349	350	0	4
346	350	351	5	4
347	351	352	0	4
