1	0	0.5	#
2	0.5	1	1
3	1	1.5	0
4	1.5	2	-1
5	2	4	0
6	4.5	5	-9
7	5	5.5	0
8	5.5	6	9
9	6	6.5	0
10	6.5	7	-4
11	7	7.5	0
12	7.5	8	2
13	8	8.5	0
14	8.5	9	2
15	9	9.5	0
16	9.5	10	-2
17	10	12	0
18	12.5	13	-10
19	13	13.5	0
20	13.5	14	10
21	14	14.5	0
22	14.5	15	-3
23	15	15.5	0
24	15.5	16	0
25	16	16.5	1
26	16.5	17	2
27	17	17.5	0
28	17.5	18	-2
29	18	20	0
30	20.5	21	0
31	21	21.5	4
32	21.5	22	-2
33	22	22.5	-2
34	22.5	23	-1
35	23	23.5	1
36	23.5	24	-3
37	24	28	2
38	28	31	5
39	32	32.5	0
40	32.5	33	1
41	33	33.5	0
42	33.5	34	-1
43	34	36	0
44	36.5	37	0
45	37	37.5	3
46	37.5	38	-2
47	38	38.5	-1
48	38.5	39	-4
49	39	39.5	0
50	39.5	40	2
51	40	40.5	0
52	40.5	41	2
53	41	41.5	0
54	41.5	42	-2
55	42	44	0
56	44.5	45	-10
57	45	45.5	0
58	45.5	46	10
59	46	46.5	0
60	46.5	47	-3
61	47	47.5	0
62	47.5	48	0
63	48	48.5	1
64	48.5	49	2
65	49	49.5	0
66	49.5	50	-2
67	50	52	0
68	52.5	53	0
69	53	53.5	4
70	53.5	54	-2
71	54	54.5	-2
72	54.5	55	-1
73	55	55.5	1
74	55.5	56	-3
75	56	60	2
76	60	63	5
77	64	68	0
78	68.5	69	0
79	69	69.5	1
80	69.5	70	-1
81	70	70.5	3
82	70.5	71	-2
83	71	71.5	-1
84	71.5	72	1
85	72	72.5	-1
86	72.5	73	-2
87	73	76	0
88	76.5	77	0
89	77	77.5	2
90	77.5	78	-2
91	78	79.5	3
92	79.5	80	-1
93	80	80.5	-2
94	80.5	81	-2
95	81	81.5	0
96	81.5	82	0
97	82	84	0
98	84.5	85	0
99	85	85.5	2
100	85.5	86	-2
101	86	86.5	4
102	86.5	87	-2
103	87	87.5	-2
104	87.5	88	-3
105	88	92	2
106	92	95	5
107	96	96.5	0
108	96.5	97	1
109	97	97.5	0
110	97.5	98	-1
111	98	100	0
112	100.5	101	-9
113	101	101.5	0
114	101.5	102	9
115	102	102.5	0
116	102.5	103	-4
117	103	103.5	0
118	103.5	104	2
119	104	104.5	0
120	104.5	105	2
121	105	105.5	0
122	105.5	106	-2
123	106	108	0
124	108.5	109	-10
125	109	109.5	0
126	109.5	110	10
127	110	110.5	0
128	110.5	111	-3
129	111	111.5	0
130	111.5	112	0
131	112	112.5	1
132	112.5	113	2
133	113	113.5	0
134	113.5	114	-2
135	114	116	0
136	116.5	117	0
137	117	117.5	4
138	117.5	118	-2
139	118	118.5	-2
140	118.5	119	-3
141	119	119.5	2
142	119.5	120	0
143	120	124	0
144	124	127	5
145	128	128.5	0
146	128.5	129	1
147	129	129.5	0
148	129.5	130	-1
149	130	132	0
150	132.5	133	0
151	133	133.5	3
152	133.5	134	-2
153	134	134.5	-1
154	134.5	135	-4
155	135	135.5	0
156	135.5	136	2
157	136	136.5	0
158	136.5	137	2
159	137	137.5	0
160	137.5	138	-2
161	138	140	0
162	140.5	141	-10
163	141	141.5	0
164	141.5	142	10
165	142	142.5	0
166	142.5	143	-3
167	143	143.5	0
168	143.5	144	0
169	144	144.5	1
170	144.5	145	2
171	145	145.5	0
172	145.5	146	-2
173	146	148	0
174	148.5	149	0
175	149	149.5	4
176	149.5	150	-2
177	150	150.5	-2
178	150.5	151	-1
179	151	151.5	1
180	151.5	152	-3
181	152	156	2
182	156	159	5
183	160	164	0
184	164.5	165	0
185	165	165.5	1
186	165.5	166	-1
187	166	166.5	3
188	166.5	167	-2
189	167	167.5	-1
190	167.5	168	1
191	168	168.5	-1
192	168.5	169	-2
193	169	172	0
194	172.5	173	0
195	173	173.5	2
196	173.5	174	-2
197	174	175.5	3
198	175.5	176	-1
199	176	176.5	-2
200	176.5	177	-2
201	177	177.5	0
202	177.5	178	0
203	178	180	0
204	180.5	181	0
205	181	181.5	2
206	181.5	182	-2
207	182	182.5	4
208	182.5	183	-2
209	183	183.5	-2
210	183.5	184	-3
211	184	188	2
212	188	191	5
213	192	192.5	0
214	192.5	193	1
215	193	193.5	0
216	193.5	194	-1
217	194	196	0
218	196.5	197	-9
219	197	197.5	0
220	197.5	198	9
221	198	198.5	0
222	198.5	199	-4
223	199	199.5	0
224	199.5	200	2
225	200	200.5	0
226	200.5	201	2
227	201	201.5	0
228	201.5	202	-2
229	202	204	0
230	204.5	205	-10
231	205	205.5	0
232	205.5	206	10
233	206	206.5	0
234	206.5	207	-3
235	207	207.5	0
236	207.5	208	0
237	208	208.5	1
238	208.5	209	2
239	209	209.5	0
240	209.5	210	-2
241	210	212	0
242	212.5	213	0
243	213	213.5	4
244	213.5	214	-2
245	214	214.5	-2
246	214.5	215	-3
247	215	215.5	2
248	215.5	216	0
249	216	220	0
250	220	223	0
251	224	224.5	5
252	224.5	225	1
253	225	225.5	0
254	225.5	226	-1
255	226	228	0
256	228.5	229	0
257	229	229.5	3
258	229.5	230	-2
259	230	230.5	-1
260	230.5	231	-4
261	231	231.5	0
262	231.5	232	2
263	232	232.5	0
264	232.5	233	2
265	233	233.5	0
266	233.5	234	-2
267	234	236	0
268	236.5	237	-10
269	237	237.5	0
270	237.5	238	10
271	238	238.5	0
272	238.5	239	-3
273	239	239.5	0
274	239.5	240	0
275	240	240.5	1
276	240.5	241	2
277	241	241.5	0
278	241.5	242	-2
279	242	244	0
280	244.5	245	0
281	245	245.5	4
282	245.5	246	-2
283	246	246.5	-2
284	246.5	247	-1
285	247	247.5	1
286	247.5	248	-3
287	248	252	2
288	252	255	5
289	256	256.5	0
290	256.5	257	1
291	257	257.5	0
292	257.5	258	-1
293	258	260	0
294	260.5	261	0
295	261	261.5	3
296	261.5	262	-2
297	262	262.5	-1
298	262.5	263	-4
299	263	263.5	0
300	263.5	264	2
301	264	264.5	0
302	264.5	265	2
303	265	265.5	0
304	265.5	266	-2
305	266	268	0
306	268.5	269	-10
307	269	269.5	0
308	269.5	270	10
309	270	270.5	0
310	270.5	271	-3
311	271	271.5	0
312	271.5	272	0
313	272	272.5	1
314	272.5	273	2
315	273	273.5	0
316	273.5	274	-2
317	274	276	0
318	276.5	277	0
319	277	277.5	4
320	277.5	278	-2
321	278	278.5	-2
322	278.5	279	-1
323	279	279.5	1
324	279.5	280	-3
325	280	284	2
326	284	287	5
