#	Title	Sail Along Silv'ry Moon
#	Title	Percy Wenrich , Harry Tobias - Sail Along Silv'ry Moon.xml
1	0	2	9	4
2	2	4	4	4
3	4	5	5	4
4	5	5.5	4	4
5	5.5	6	3	4
6	6	8	4	4
7	9	10	0	4
8	10	11	0	4
9	11	11.3333	0	4
10	11.3333	11.6667	9	3
11	11.6667	12	0	4
12	12	15	4	4
13	15	16	4	4
14	16	17.5	9	4
15	17.5	18	9	4
16	18	19	4	4
17	19	19.5	0	4
18	19.5	20	4	4
19	20	21	5	4
20	21	21.5	5	4
21	21.5	22	5	4
22	22	23	4	4
23	23	23.5	0	4
24	23.5	24	4	4
25	24	28	7	4
26	28	28.5	7	4
27	33	33.5	4	4
28	33.5	34	3	4
29	34	34.5	4	4
30	34.5	35	7	3
31	35	35.5	0	4
32	35.5	36	4	4
33	36	40	4	4
34	40	41	4	4
35	41	41.5	4	4
36	41.5	42	3	4
37	42	42.5	4	4
38	42.5	43	7	4
39	43	43.5	5	4
40	43.5	44	2	4
41	44	48	2	4
42	48	48.5	2	4
43	48.5	49	2	4
44	49	49.5	1	4
45	49.5	50	2	4
46	50.5	51	7	3
47	51	51.5	11	3
48	51.5	52	2	4
49	52	56	2	4
50	56	57	2	4
51	57	57.5	7	4
52	57.5	58	7	4
53	58	59	6	4
54	59	60	5	4
55	60	64	4	4
56	64	65	4	4
57	65	65.5	4	4
58	65.5	66	3	4
59	66	66.5	4	4
60	66.5	67	7	3
61	67	67.5	0	4
62	67.5	68	4	4
63	68	72	4	4
64	72	73	4	4
65	73	73.5	4	4
66	73.5	74	3	4
67	74	74.5	4	4
68	74.5	75	7	4
69	75	75.5	5	4
70	75.5	76	2	4
71	76	80	2	4
72	80	81	2	4
73	81	81.5	2	4
74	81.5	82	1	4
75	82	82.5	2	4
76	82.5	83	7	3
77	83	83.5	11	3
78	83.5	84	2	4
79	84	88	2	4
80	88	89	2	4
81	89	89.5	7	4
82	89.5	90	6	4
83	90	90.5	5	4
84	90.5	91.5	11	3
85	91.5	92	0	4
86	92	96	0	4
87	96	97	0	4
88	97	98	4	4
89	98	99	2	4
90	99	100	0	4
91	100	101	9	4
92	101	102	9	4
93	102	103	9	4
94	103	104	9	4
95	104	105	9	4
96	105	107	7	4
97	107	108	7	3
98	108	109	5	4
99	109	110	5	4
100	110	111	5	4
101	111	112	7	4
102	112	115	4	4
103	115	116	0	4
104	116	117	9	4
105	117	118	9	4
106	118	119	9	4
107	119	120	9	4
108	120	121	9	4
109	121	122	7	4
110	122	122.5	4	4
111	122.5	123	2	4
112	123	123.5	0	4
113	123.5	124	2	4
114	124	128	2	4
115	128	128.5	2	4
116	128.5	129	4	4
117	129	129.5	3	4
118	129.5	130	4	4
119	130.5	131	7	3
120	131	131.5	0	4
121	131.5	132	4	4
122	132	136	4	4
123	136	137	4	4
124	137	137.5	4	4
125	137.5	138	3	4
126	138	138.5	4	4
127	138.5	139	7	4
128	139	139.5	5	4
129	139.5	140	2	4
130	140	144	2	4
131	144	145	2	4
132	145	145.5	2	4
133	145.5	146	1	4
134	146	146.5	2	4
135	146.5	147	7	3
136	147	147.5	11	3
137	147.5	148	2	4
138	148	152	2	4
139	152	153	2	4
140	153	153.5	7	4
141	153.5	154	6	4
142	154	154.5	5	4
143	154.5	155.5	11	3
144	155.5	156	0	4
145	156	160	0	4
146	161	161.5	4	4
147	161.5	162	3	4
148	162	162.5	4	4
149	162.5	163	9	3
150	163	163.5	0	4
151	163.5	164	4	4
152	164	168	4	4
153	168	169	4	4
154	169	169.5	4	4
155	169.5	170	3	4
156	170	170.5	4	4
157	170.5	171	7	4
158	171	171.5	5	4
159	171.5	172	2	4
160	172	176	2	4
161	176	176.5	2	4
162	176.5	177	2	4
163	177	177.5	1	4
164	177.5	178	2	4
165	178.5	179	7	3
166	179	179.5	11	3
167	179.5	180	2	4
168	180	184	2	4
169	184	185	2	4
170	185	185.5	7	4
171	185.5	186	7	4
172	186	187	6	4
173	187	188	5	4
174	188	192	4	4
175	192	193	4	4
176	193	193.5	4	4
177	193.5	194	3	4
178	194	194.5	4	4
179	194.5	195	7	3
180	195	195.5	0	4
181	195.5	196	4	4
182	196	200	4	4
183	200	201	4	4
184	201	201.5	4	4
185	201.5	202	3	4
186	202	202.5	4	4
187	202.5	203	7	4
188	203	203.5	5	4
189	203.5	204	2	4
190	204	208	2	4
191	208	209	2	4
192	209	209.5	2	4
193	209.5	210	1	4
194	210	210.5	2	4
195	210.5	211	7	3
196	211	211.5	11	3
197	211.5	212	2	4
198	212	216	2	4
199	216	217	2	4
200	217	217.5	7	4
201	217.5	218	6	4
202	218	218.5	5	4
203	218.5	219.5	11	3
204	219.5	220	0	4
205	220	224	0	4
206	224	225	0	4
207	225	226	4	4
208	226	227	2	4
209	227	228	0	4
210	228	229	9	4
211	229	230	9	4
212	230	231	9	4
213	231	232	9	4
214	232	233	9	4
215	233	235	7	4
216	235	236	7	3
217	236	237	5	4
218	237	238	5	4
219	238	239	5	4
220	239	240	7	4
221	240	243	4	4
222	243	244	0	4
223	244	245	9	4
224	245	246	9	4
225	246	247	9	4
226	247	248	9	4
227	248	249	9	4
228	249	250	7	4
229	250	250.5	4	4
230	250.5	251	2	4
231	251	251.5	0	4
232	251.5	252	2	4
233	252	256	2	4
234	256	256.5	2	4
235	256.5	257	4	4
236	257	257.5	3	4
237	257.5	258	4	4
238	258.5	259	7	3
239	259	259.5	0	4
240	259.5	260	4	4
241	260	264	4	4
242	264	265	4	4
243	265	265.5	4	4
244	265.5	266	3	4
245	266	266.5	4	4
246	266.5	267	7	4
247	267	267.5	5	4
248	267.5	268	2	4
249	268	272	2	4
250	272	273	2	4
251	273	273.5	2	4
252	273.5	274	1	4
253	274	274.5	2	4
254	274.5	275	7	3
255	275	275.5	11	3
256	275.5	276	2	4
257	276	280	2	4
258	280	281	2	4
259	281	281.5	7	4
260	281.5	282	6	4
261	282	282.5	5	4
262	282.5	283.5	11	3
263	283.5	284	0	4
264	284	288	0	4
265	289	289.5	4	4
266	289.5	290	3	4
267	290	290.5	4	4
268	290.5	291	9	3
269	291	291.5	0	4
270	291.5	292	4	4
271	292	296	0	4
272	296	300	0	4
