1	0	1	#
2	1	2	3
3	2	3	0
4	3	3.5	-3
5	3.5	4	3
6	4	5	2
7	5	6	-2
8	6	8	0
9	8	9	-3
10	9	10	3
11	10	11.5	0
12	11.5	12	-3
13	12	13	5
14	13	14	-2
15	14	16	0
16	16	17	-3
17	17	18	3
18	18	19.5	0
19	19.5	20	-3
20	20	21	5
21	21	22	-2
22	22	24	-4
23	24	25	-1
24	25	26	0
25	26	27	0
26	27	28	-2
27	28	28.5	4
28	28.5	29	1
29	29	29.5	1
30	29.5	30	1
31	30	31	0
32	31	32	1
33	32	33	1
34	33	34	3
35	34	35.5	0
36	35.5	36	-3
37	36	37	5
38	37	38	-2
39	38	40	0
40	40	41	-3
41	41	42	3
42	42	43	0
43	43	43.5	-3
44	43.5	44	3
45	44	45	2
46	45	46	-2
47	46	48	0
48	48	49	-3
49	49	50	3
50	50	51	0
51	51	51.5	-3
52	51.5	52	3
53	52	53	2
54	53	54	-2
55	54	56	-4
56	56	56.75	-1
57	56.75	57.5	0
58	57.5	58.25	0
59	58.25	59	0
60	59	59.75	-2
61	59.75	60	2
62	60	60.5	0
63	60.5	61.25	2
64	61.25	62	1
65	62	62.75	1
66	62.75	63.5	1
67	63.5	64	0
68	64	64	2
69	64	65	2
70	65	66	-2
71	66	67	-2
72	67	68	-3
73	68	69	7
74	69	70	-2
75	70	72	-2
76	72	73	4
77	73	74	-2
78	74	75	-2
79	75	76	-3
80	76	77	7
81	77	78	-2
82	78	80	-2
83	80	81	4
84	81	82	-2
85	82	83	-2
86	83	84	-3
87	84	85	7
88	85	86	-2
89	86	87.5	-2
90	87.5	88	-3
91	88	89	7
92	89	89.5	0
93	89.5	90	-7
94	90	91	7
95	91	92	-7
96	92	94	7
97	94	96	-9
98	96	97	-3
99	97	98	3
100	98	99	0
101	99	99.5	-3
102	99.5	100	3
103	100	101	2
104	101	102	-2
105	102	104	0
106	104	105	-3
107	105	106	3
108	106	107.5	0
109	107.5	108	-3
110	108	109	5
111	109	110	-2
112	110	112	0
113	112	113	-3
114	113	114	3
115	114	115.5	0
116	115.5	116	-3
117	116	117	5
118	117	118	-2
119	118	120	-4
120	120	121	-1
121	121	122	0
122	122	123	0
123	123	124	-2
124	124	125	4
125	125	126	0
126	126	127	0
127	127	128	-2
128	128	129	5
129	129	130	0
130	130	131	0
131	131	132	2
132	132	136	2
