#	Title	Too Marvelous For Words
#	Title	Richard A Whiting, Johnny Mercer - Too Marvelous For Words.xml
1	3	4	9	3
2	4	7	2	4
3	7	8	9	3
4	8	8.75	4	4
5	8.75	9	4	4
6	9	11	4	4
7	11	12	9	3
8	12	13	2	4
9	13	14	4	4
10	14	15	2	4
11	15	16	9	3
12	16	19	4	4
13	19	20	2	4
14	20	21	11	3
15	21	21.5	0	4
16	21.5	22	9	3
17	22	24	9	3
18	24	25	11	3
19	25	25.5	0	4
20	25.5	26	9	3
21	26	27.5	9	3
22	27.5	28	11	3
23	28	29	4	3
24	29	30	7	3
25	30	31	9	3
26	31	32	0	4
27	32	32.5	11	3
28	32.5	33	0	4
29	33	35	9	3
30	35	36	7	3
31	36	39	2	4
32	39	40	9	3
33	40	40.75	4	4
34	40.75	41	4	4
35	41	43	4	4
36	43	44	9	3
37	44	45	2	4
38	45	46	4	4
39	46	47	2	4
40	47	48	9	3
41	48	51	4	4
42	51	52	2	4
43	52	53	11	3
44	53	53.5	0	4
45	53.5	54	9	3
46	54	56	9	3
47	56	57	11	3
48	57	57.5	0	4
49	57.5	58	9	3
50	58	59.5	9	3
51	59.5	60	11	3
52	60	61	8	3
53	61	62	11	3
54	62	63	1	4
55	63	64	6	4
56	64	64.5	4	4
57	64.5	65	6	4
58	65	67	4	4
59	67	68	4	4
60	68	71	7	4
61	71	72	2	4
62	72	75	5	4
63	75	76	4	4
64	76	77	7	4
65	77	78	7	4
66	78	79	7	4
67	79	80	2	4
68	80	81	5	4
69	81	83	5	4
70	83	84	0	4
71	84	87	4	4
72	87	88	0	4
73	88	91	2	4
74	91	92	0	4
75	92	93	4	4
76	93	94	2	4
77	94	95	0	4
78	95	96	11	3
79	96	97	9	3
80	97	99	11	3
81	99	100	7	3
82	100	103	2	4
83	103	104	9	3
84	104	104.75	4	4
85	104.75	105	4	4
86	105	107	4	4
87	107	108	2	4
88	108	109	11	3
89	109	110	0	4
90	110	111	2	4
91	111	112	4	4
92	112	115	7	4
93	115	116	4	4
94	116	117	7	4
95	117	118	6	4
96	118	119	5	4
97	119	120	9	3
98	120	120.75	7	4
99	120.75	121	6	4
100	121	123	5	4
101	123	124	4	4
102	124	125	2	4
103	125	126	4	4
104	126	127	0	4
105	127	128	2	4
106	128	131	0	4
107	131	132	7	3
108	132	135	2	4
109	135	136	9	3
110	136	136.75	4	4
111	136.75	137	4	4
112	137	139	4	4
113	139	140	9	3
114	140	141	2	4
115	141	142	4	4
116	142	143	2	4
117	143	144	9	3
118	144	147	4	4
119	147	148	2	4
120	148	149	11	3
121	149	149.5	0	4
122	149.5	150	9	3
123	150	152	9	3
124	152	153	11	3
125	153	153.5	0	4
126	153.5	154	9	3
127	154	155.5	9	3
128	155.5	156	11	3
129	156	157	4	3
130	157	158	7	3
131	158	159	9	3
132	159	160	0	4
133	160	160.5	11	3
134	160.5	161	0	4
135	161	163	9	3
136	163	164	7	3
137	164	167	2	4
138	167	168	9	3
139	168	168.75	4	4
140	168.75	169	4	4
141	169	171	4	4
142	171	172	9	3
143	172	173	2	4
144	173	174	4	4
145	174	175	2	4
146	175	176	9	3
147	176	179	4	4
148	179	180	2	4
149	180	181	11	3
150	181	181.5	0	4
151	181.5	182	9	3
152	182	184	9	3
153	184	185	11	3
154	185	185.5	0	4
155	185.5	186	9	3
156	186	187.5	9	3
157	187.5	188	11	3
158	188	189	8	3
159	189	190	11	3
160	190	191	1	4
161	191	192	6	4
162	192	192.5	4	4
163	192.5	193	6	4
164	193	195	4	4
165	195	196	4	4
166	196	199	7	4
167	199	200	2	4
168	200	203	5	4
169	203	204	4	4
170	204	205	7	4
171	205	206	7	4
172	206	207	7	4
173	207	208	2	4
174	208	209	5	4
175	209	211	5	4
176	211	212	0	4
177	212	215	4	4
178	215	216	0	4
179	216	219	2	4
180	219	220	0	4
181	220	221	4	4
182	221	222	2	4
183	222	223	0	4
184	223	224	11	3
185	224	225	9	3
186	225	227	11	3
187	227	228	7	3
188	228	231	2	4
189	231	232	9	3
190	232	232.75	4	4
191	232.75	233	4	4
192	233	235	4	4
193	235	236	2	4
194	236	237	11	3
195	237	238	0	4
196	238	239	2	4
197	239	240	4	4
198	240	243	7	4
199	243	244	4	4
200	244	245	7	4
201	245	246	6	4
202	246	247	5	4
203	247	248	9	3
204	248	248.75	7	4
205	248.75	249	6	4
206	249	251	5	4
207	251	252	4	4
208	252	253	2	4
209	253	254	4	4
210	254	255	0	4
211	255	256	2	4
212	256	259	0	4
