#	Title	Nicholas And Alexandra
#	Title	Richard Rodney Bennett - Nicholas And Alexandra.xml
1	1	2	4	5
2	2	3	2	5
3	3	4	4	5
4	4	5	0	5
5	5	6	4	5
6	6	7	11	4
7	7	8	9	4
8	8	9	4	5
9	9	10	0	5
10	10	11	11	4
11	11	12	0	5
12	12	13	9	4
13	13	14	0	5
14	14	15	7	4
15	15	16	5	4
16	16	17	0	5
17	17	18	5	4
18	18	19	4	4
19	19	20	5	4
20	20	21	2	4
21	21	22	5	4
22	22	23	0	4
23	23	24	11	3
24	24	26	0	4
25	26	27	4	4
26	27	28	7	4
27	28	29	8	4
28	29	31	0	5
29	31	32	2	5
30	32	33	4	5
31	33	34	4	5
32	34	35	2	5
33	35	36	4	5
34	36	37	0	5
35	37	38	4	5
36	38	39	11	4
37	39	40	9	4
38	40	41	11	4
39	41	42	4	4
40	42	43	7	4
41	43	44	11	4
42	44	45	0	5
43	45	47	3	5
44	47	48	5	5
45	48	49	7	5
46	49	50	7	5
47	50	51	6	5
48	51	52	7	5
49	52	53	4	5
50	53	54	7	5
51	54	55	2	5
52	55	56	1	5
53	56	57	2	5
54	57	58	6	3
55	58	59	9	3
56	59	60	2	4
57	60	61	3	4
58	61	63	7	4
59	63	64	9	4
60	64	65	11	4
61	65	66	11	4
62	66	67	9	4
63	67	68	11	4
64	68	69	7	4
65	69	70	11	4
66	70	71	6	4
67	71	72	4	4
68	72	73	11	4
69	73	74	7	4
70	74	75	6	4
71	75	76	7	4
72	76	77	4	4
73	77	78	7	4
74	78	79	2	4
75	79	80	0	4
76	80	81	7	4
77	81	82	0	4
78	82	83	11	3
79	83	84	0	4
80	84	85	9	3
81	85	86	0	4
82	86	87	7	3
83	87	88	6	3
84	88	90	7	3
85	90	91	7	4
86	91	92	9	4
87	92	93	11	4
88	93	95	0	5
89	95	96	2	5
90	96	97	4	5
91	97	98	4	5
92	98	99	2	5
93	99	100	4	5
94	100	101	0	5
95	101	102	4	5
96	102	103	11	4
97	103	104	9	4
98	104	105	4	5
99	105	106	0	5
100	106	107	11	4
101	107	108	0	5
102	108	109	9	4
103	109	110	0	5
104	110	111	7	4
105	111	112	5	4
106	112	113	0	5
107	113	114	5	5
108	114	115	4	5
109	115	116	5	5
110	116	117	2	5
111	117	118	5	5
112	118	119	0	5
113	119	120	11	4
114	120	122	0	5
115	122	123	0	4
116	123	124	2	4
117	124	125	4	4
118	125	127	5	4
119	127	128	7	4
120	128	128.5	0	5
121	128.5	129	0	4
122	129	129.5	9	4
123	129.5	130	0	4
124	130	130.5	10	4
125	130.5	131	0	4
126	131	131.5	0	5
127	131.5	132	0	4
128	132	132.5	8	4
129	132.5	133	0	4
130	133	133.5	5	4
131	133.5	134	8	4
132	134	134.5	5	4
133	134.5	135	8	3
134	135	135.5	0	4
135	135.5	136	3	4
136	136	136.5	2	4
137	136.5	137	8	3
138	137	137.5	5	4
139	137.5	138	8	3
140	138	138.5	7	4
141	138.5	139	0	4
142	139	139.5	8	4
143	139.5	140	2	4
144	140	140.5	11	4
145	140.5	141	2	4
146	141	141.5	5	5
147	141.5	142	5	4
148	142	142.5	2	5
149	142.5	143	2	4
150	143	143.5	0	5
151	143.5	144	2	4
152	144	144.5	10	4
153	144.5	145	10	3
154	145	145.5	7	4
155	145.5	146	10	3
156	146	146.5	8	4
157	146.5	147	10	3
158	147	147.5	5	4
159	147.5	148	10	4
160	148	148.5	7	4
161	148.5	149	10	3
162	149	149.5	3	4
163	149.5	150	7	4
164	150	150.5	3	4
165	150.5	151	7	3
166	151	151.5	10	3
167	151.5	152	2	4
168	152	152.5	1	4
169	152.5	153	5	3
170	153	153.5	7	4
171	153.5	154	7	3
172	154	154.5	8	4
173	154.5	155	8	3
174	155	155.5	10	4
175	155.5	156	10	3
176	156	156.5	5	5
177	156.5	157	5	4
178	157	157.5	4	5
179	157.5	158	3	4
180	158	158.5	7	4
181	158.5	159	3	4
182	159	159.5	2	5
183	159.5	160	1	4
184	160	160.5	0	5
185	160.5	161	0	4
186	161	161.5	9	4
187	161.5	162	0	4
188	162	162.5	10	4
189	162.5	163	0	4
190	163	163.5	0	5
191	163.5	164	0	4
192	164	164.5	8	4
193	164.5	165	0	4
194	165	165.5	4	4
195	165.5	166	8	4
196	166	166.5	4	4
197	166.5	167	0	4
198	167	167.5	7	4
199	167.5	168	0	4
200	168	168.5	6	4
201	168.5	169	0	4
202	169	169.5	9	4
203	169.5	170	0	4
204	170	170.5	11	4
205	170.5	171	0	4
206	171	171.5	0	5
207	171.5	172	0	4
208	172	172.5	3	5
209	172.5	173	3	4
210	173	173.5	2	5
211	173.5	174	2	4
212	174	174.5	6	4
213	174.5	175	2	4
214	175	175.5	0	5
215	175.5	176	2	4
216	176	176.5	2	5
217	176.5	177	2	4
218	177	177.5	5	4
219	177.5	178	2	4
220	178	178.5	7	4
221	178.5	179	2	4
222	179	179.5	8	4
223	179.5	180	2	4
224	180	180.5	5	4
225	180.5	181	2	4
226	181	181.5	10	4
227	181.5	182	2	4
228	182	182.5	10	4
229	182.5	183	2	4
230	183	183.5	0	5
231	183.5	184	2	4
232	184	184.5	2	5
233	184.5	185	2	4
234	185	185.5	7	4
235	185.5	186	2	4
236	186	186.5	9	4
237	186.5	187	2	4
238	187	187.5	11	4
239	187.5	188	2	4
240	188	188.5	7	4
241	188.5	189	2	4
242	189	189.5	0	5
243	189.5	190	2	4
244	190	190.5	0	5
245	190.5	191	2	4
246	191	191.5	2	5
247	191.5	192	2	4
248	192	194	4	5
249	194	196	4	5
250	196	198	4	5
251	198	200	4	5
252	200	202	5	5
253	202	204	5	5
254	204	206	5	5
255	206	207	0	5
256	207	208	2	5
257	209	210	4	5
258	210	211	2	5
259	211	212	4	5
260	212	213	0	5
261	213	214	4	5
262	214	215	11	4
263	215	216	9	4
264	216	217	4	5
265	217	218	0	5
266	218	219	11	4
267	219	220	0	5
268	220	221	9	4
269	221	222	0	5
270	222	223	7	4
271	223	224	5	4
272	224	225	0	5
273	225	226	5	4
274	226	227	4	4
275	227	228	5	4
276	228	229	2	4
277	229	230	5	4
278	230	231	0	4
279	231	232	11	3
280	232	234	0	4
281	234	235	4	4
282	235	236	7	4
283	236	237	8	4
284	237	239	0	5
285	239	240	2	5
286	240	241	4	5
287	241	242	4	5
288	242	243	2	5
289	243	244	4	5
290	244	245	0	5
291	245	246	4	5
292	246	247.5	11	4
293	247.5	248	9	4
294	248	249	4	5
295	249	250	0	5
296	250	251	11	4
297	251	252	0	5
298	252	253	9	4
299	253	254	0	5
300	254	255.5	7	4
301	255.5	256	5	4
302	256	257	0	5
303	257	258	5	5
304	258	259	4	5
305	259	260	5	5
306	260	263	2	5
307	263	264	5	5
308	264	268	0	5
309	268	271	0	5
310	271	272	11	4
311	272	276	0	5
312	276	280	0	5
313	280	284	0	5
