#	Title	Home For The Holidays
#	Title	Robert Allen, Al Stillman - Home For The Holidays.xml
1	2	3	4	4
2	3	4	5	4
3	4	6	7	4
4	6	7	4	4
5	7	8	0	4
6	8	10	0	5
7	10	11	11	4
8	11	12	9	4
9	12	13	7	4
10	13	14	5	4
11	14	16	4	4
12	16	18	4	4
13	18	19	0	4
14	19	20	2	4
15	20	22	4	4
16	22	23	3	4
17	23	24	4	4
18	24	25	9	4
19	25	26	7	4
20	26	27	5	4
21	27	28	4	4
22	28	32	2	4
23	32	34	2	4
24	34	35	4	4
25	35	36	5	4
26	36	38	7	4
27	38	39	4	4
28	39	40	0	4
29	40	41	2	5
30	41	42	0	5
31	42	43	11	4
32	43	44	9	4
33	44	45	0	5
34	45	46	4	4
35	46	48	7	4
36	48	50	7	4
37	50	51	2	5
38	51	52	0	5
39	52	53	11	4
40	53	54	7	4
41	54	55	9	4
42	55	56	5	4
43	56	57	7	4
44	57	58	4	4
45	58	59	5	4
46	59	60	2	4
47	60	64	0	4
48	65	66	0	4
49	66	67	5	4
50	67	68	7	4
51	68	69	9	4
52	69	70	0	5
53	70	71	0	5
54	71	72	11	4
55	72	73	2	5
56	73	74	0	5
57	74	75.5	0	5
58	75.5	76	11	4
59	76	77	2	5
60	77	78	0	5
61	78	79	11	4
62	79	80	9	4
63	80	82	7	4
64	82	83	4	4
65	83	84	5	4
66	84	85	7	4
67	85	86	7	4
68	86	87	6	4
69	87	88	7	4
70	88	89	11	4
71	89	90	9	4
72	90	91	7	4
73	91	92	5	4
74	92	96	4	4
75	97	98	0	4
76	98	99	5	4
77	99	100	7	4
78	100	101	9	4
79	101	102	0	5
80	102	103	0	5
81	103	104	11	4
82	104	105	2	5
83	105	106	0	5
84	106	107.5	0	5
85	107.5	108	11	4
86	108	109	2	5
87	109	110	0	5
88	110	111	11	4
89	111	112	9	4
90	112	114	7	4
91	114	115	7	4
92	115	116	9	4
93	116	117	11	4
94	117	118	2	5
95	118	119	2	5
96	119	120	2	5
97	120	121	2	5
98	121	122	0	5
99	122.5	123.5	11	4
100	123.5	124	9	4
101	124	125	7	4
102	125	126	7	4
103	126	127	7	4
104	127	128	9	4
105	128	129	7	4
106	129	130	5	4
107	130	131	4	4
108	131	132	5	4
109	132	134	7	4
110	134	135	4	4
111	135	136	0	4
112	136	138	0	5
113	138	139	11	4
114	139	140	9	4
115	140	141	7	4
116	141	142	5	4
117	142	144	4	4
118	144	146	4	4
119	146	147	0	4
120	147	148	2	4
121	148	150	4	4
122	150	151	3	4
123	151	152	4	4
124	152	153	9	4
125	153	154	7	4
126	154	155	5	4
127	155	156	4	4
128	156	160	2	4
129	160	162	2	4
130	162	163	4	4
131	163	164	5	4
132	164	166	7	4
133	166	167	4	4
134	167	168	0	4
135	168	169	2	5
136	169	170	0	5
137	170	171	11	4
138	171	172	9	4
139	172	173	0	5
140	173	174	4	4
141	174	176	7	4
142	176	178	7	4
143	178	179	2	5
144	179	180	0	5
145	180	181	11	4
146	181	182	7	4
147	182	183	9	4
148	183	184	5	4
149	184	186	7	4
150	186	188	4	4
151	188	192	5	4
152	192	196	2	5
153	196	200	0	5
154	200	203	0	5
