1	0.375	0.5	#
2	0.5	0.875	7
3	0.875	1	-2
4	1	1.25	2
5	1.25	1.75	0
6	1.75	2	-4
7	2	2.25	2
8	2.25	2.75	2
9	2.75	3	-4
10	3	3.5	0
11	3.5	4	2
12	4	4.25	2
13	4.25	4.75	0
14	4.75	5	-2
15	5	5.375	2
16	5.375	5.5	0
17	5.5	6	-4
18	6	6.25	2
19	6.25	6.75	-3
20	6.75	7	1
21	7	8	0
22	8.375	8.5	-1
23	8.5	8.875	3
24	8.875	9	-2
25	9	9.25	2
26	9.25	9.75	0
27	9.75	10	-3
28	10	10.25	5
29	10.25	10.75	-2
30	10.75	11	-3
31	11	11.5	0
32	11.5	12	-2
33	12	12.25	3
34	12.25	12.75	0
35	12.75	13	-1
36	13	13.375	1
37	13.375	13.5	-1
38	13.5	14	3
39	14	14.375	-5
40	14.375	14.5	0
41	14.5	14.75	0
42	14.75	15	0
43	15	15.25	0
44	15.25	15.75	0
45	15.75	16	0
46	16	16.375	3
47	16.375	16.5	-3
48	16.5	16.875	0
49	16.875	17	0
50	17	17.5	0
51	17.5	18	7
52	18.375	18.5	-7
53	18.5	18.875	7
54	18.875	19	-2
55	19	19.25	2
56	19.25	19.75	0
57	19.75	20	-4
58	20	20.375	2
59	20.375	20.5	-2
60	20.5	20.75	2
61	20.75	21	2
62	21	21.5	0
63	22.375	22.5	-4
64	22.5	22.875	0
65	22.875	23	-1
66	23	23.25	1
67	23.25	23.75	0
68	23.75	24	-1
69	24	24.375	1
70	24.375	24.5	-1
71	24.5	24.75	3
72	24.75	25	-5
73	25	26	0
74	26.375	26.5	0
75	26.5	26.875	7
76	26.875	27	-2
77	27	27.25	2
78	27.25	27.75	0
79	27.75	28	-4
80	28	28.25	2
81	28.25	28.75	2
82	28.75	29	-4
83	29	29.5	0
84	29.5	30	2
85	30	30.25	2
86	30.25	30.75	0
87	30.75	31	-2
88	31	31.375	2
89	31.375	31.5	0
90	31.5	32	-4
91	32	32.25	0
92	32.25	32.75	0
93	32.75	33	0
94	33	33.25	0
95	33.25	33.75	0
96	33.75	34	0
97	34	34.375	4
98	34.375	34.5	-2
99	34.5	34.875	-2
100	34.875	35	0
101	35	35.5	0
102	35.5	36	7
103	36.375	36.5	0
104	36.5	36.875	-3
105	36.875	37	-2
106	37	37.25	2
107	37.25	37.75	-2
108	37.75	38	-2
109	38	38.375	2
110	38.375	38.5	-2
111	38.5	38.75	2
112	38.75	39	2
113	39	40	0
114	40.375	40.5	-4
115	40.5	40.875	0
116	40.875	41	-1
117	41	41.25	1
118	41.25	41.75	0
119	41.75	42	-1
120	42	42.375	1
121	42.375	42.5	-1
122	42.5	42.75	3
123	42.75	43	-5
124	43	44	0
125	44.375	44.5	0
126	44.5	44.875	7
127	44.875	45	-2
128	45	45.25	2
129	45.25	45.75	0
130	45.75	46	-4
131	46	46.25	2
132	46.25	46.75	2
133	46.75	47	-4
134	47	47.5	0
135	47.5	48	2
136	48	48.25	2
137	48.25	48.75	0
138	48.75	49	-2
139	49	49.375	2
140	49.375	49.5	0
141	49.5	50	-4
142	50	50.25	2
143	50.25	50.75	-3
144	50.75	51	1
145	51	52	0
146	52.375	52.5	-1
147	52.5	52.875	3
148	52.875	53	-2
149	53	53.25	2
150	53.25	53.75	0
151	53.75	54	-3
152	54	54.25	1
153	54.25	54.75	2
154	54.75	55	-3
155	55	55.5	0
156	55.5	56	-2
157	56	56.25	3
158	56.25	56.75	0
159	56.75	57	-1
160	57	57.375	1
161	57.375	57.5	-1
162	57.5	58	3
163	58	58.25	-5
164	58.25	58.75	-1
165	58.75	59	1
166	59	59.5	0
167	60.375	60.5	0
168	60.5	60.875	7
169	60.875	61	-2
170	61	61.25	2
171	61.25	61.75	0
172	61.75	62	-4
173	62	62.25	2
174	62.25	62.75	2
175	62.75	63	-4
176	63	63.5	0
177	63.5	64	2
178	64	64.25	2
179	64.25	64.75	0
180	64.75	65	-2
181	65	65.375	2
182	65.375	65.5	0
183	65.5	66	-4
184	66	66.25	2
185	66.25	66.75	-3
186	66.75	67	1
187	67	68	0
188	68.375	68.5	-1
189	68.5	68.875	3
190	68.875	69	-2
191	69	69.25	2
192	69.25	69.75	0
193	69.75	70	-3
194	70	70.25	5
195	70.25	70.75	-2
196	70.75	71	-3
197	71	71.5	0
198	71.5	72	-2
199	72	72.25	3
200	72.25	72.75	0
201	72.75	73	-1
202	73	73.375	1
203	73.375	73.5	-1
204	73.5	74	3
205	74	74.375	-5
206	74.375	74.5	0
207	74.5	74.75	0
208	74.75	75	0
209	75	75.25	0
210	75.25	75.75	0
211	75.75	76	0
212	76	76.375	3
213	76.375	76.5	-3
214	76.5	76.875	0
215	76.875	77	0
216	77	77.5	0
217	77.5	78	7
218	78.375	78.5	-7
219	78.5	78.875	7
220	78.875	79	-2
221	79	79.25	2
222	79.25	79.75	0
223	79.75	80	-4
224	80	80.375	2
225	80.375	80.5	-2
226	80.5	80.75	2
227	80.75	81	2
228	81	81.5	0
229	82.375	82.5	-4
230	82.5	82.875	0
231	82.875	83	-1
232	83	83.25	1
233	83.25	83.75	0
234	83.75	84	-1
235	84	84.375	1
236	84.375	84.5	-1
237	84.5	84.75	3
238	84.75	85	-5
239	85	86	0
240	86.375	86.5	0
241	86.5	86.875	7
242	86.875	87	-2
243	87	87.25	2
244	87.25	87.75	0
245	87.75	88	-4
246	88	88.25	2
247	88.25	88.75	2
248	88.75	89	-4
249	89	89.5	0
250	89.5	90	2
251	90	90.25	2
252	90.25	90.75	0
253	90.75	91	-2
254	91	91.375	2
255	91.375	91.5	0
256	91.5	92	-4
257	92	92.25	0
258	92.25	92.75	0
259	92.75	93	0
260	93	93.25	0
261	93.25	93.75	0
262	93.75	94	0
263	94	94.375	4
264	94.375	94.5	-2
265	94.5	94.875	-2
266	94.875	95	0
267	95	95.5	0
268	95.5	96	7
269	96.375	96.5	0
270	96.5	96.875	-3
271	96.875	97	-2
272	97	97.25	2
273	97.25	97.75	-2
274	97.75	98	-2
275	98	98.375	2
276	98.375	98.5	-2
277	98.5	98.75	2
278	98.75	99	2
279	99	100	0
280	100.375	100.5	-4
281	100.5	100.875	0
282	100.875	101	-1
283	101	101.25	1
284	101.25	101.75	0
285	101.75	102	-1
286	102	102.375	1
287	102.375	102.5	-1
288	102.5	102.75	3
289	102.75	103	-5
290	103	104	0
291	104.375	104.5	0
292	104.5	104.875	7
293	104.875	105	-2
294	105	105.25	2
295	105.25	105.75	0
296	105.75	106	-4
297	106	106.25	2
298	106.25	106.75	2
299	106.75	107	-4
300	107	107.5	0
301	107.5	108	2
302	108	108.25	2
303	108.25	108.75	0
304	108.75	109	-2
305	109	109.375	2
306	109.375	109.5	0
307	109.5	110	-4
308	110	110.25	2
309	110.25	110.75	-3
310	110.75	111	1
311	111	112	0
312	112.375	112.5	-1
313	112.5	112.875	3
314	112.875	113	-2
315	113	113.25	2
316	113.25	113.75	0
317	113.75	114	-3
318	114	114.25	1
319	114.25	114.75	2
320	114.75	115	-3
321	115	115.5	0
322	115.5	116	-2
323	116	116.25	3
324	116.25	116.75	0
325	116.75	117	-1
326	117	117.375	1
327	117.375	117.5	-1
328	117.5	118	3
329	118	118.25	-5
330	118.25	118.75	-1
331	118.75	119	1
332	119	119.5	0
