1	0.5	2	#
2	2	2.5	0
3	2.5	3	-3
4	3	3.5	1
5	3.5	4	4
6	4	5	0
7	5	5.5	0
8	5.5	6	0
9	6	8	0
10	8.5	10	-2
11	10	10.5	0
12	10.5	11	-3
13	11	11.5	1
14	11.5	12	9
15	12	13	0
16	13	13.5	0
17	13.5	14	0
18	14	15.5	0
19	15.5	16	-1
20	16	16.5	-1
21	16.5	17	-3
22	17	17.5	1
23	17.5	18	2
24	18	18.5	0
25	18.5	19	-3
26	19	19.5	1
27	19.5	20	2
28	20	20.5	0
29	20.5	21	-3
30	21	21.5	1
31	21.5	22	2
32	22	22.5	0
33	22.5	23	-7
34	23	24	2
35	24	28	2
36	28	30	0
37	32.5	34	-2
38	34	34.5	0
39	34.5	35	-3
40	35	35.5	1
41	35.5	36	4
42	36	37	0
43	37	37.5	0
44	37.5	38	0
45	38	40	0
46	40.5	42	-2
47	42	42.5	0
48	42.5	43	-3
49	43	43.5	1
50	43.5	44	9
51	44	45	0
52	45	45.5	0
53	45.5	46	0
54	46	47.5	0
55	47.5	48	-1
56	48	48.5	-1
57	48.5	49	-3
58	49	49.5	1
59	49.5	50	2
60	50	50.5	0
61	50.5	51	-3
62	51	51.5	1
63	51.5	52	2
64	52	52.5	0
65	52.5	53	-3
66	53	53.5	1
67	53.5	54	2
68	54	54.5	0
69	54.5	55	-7
70	55	56	2
71	56	60	-2
72	60	62	0
73	63	64	14
74	64	66	-2
75	66	66.5	0
76	66.5	67	-4
77	67	68	1
78	68	71	-7
79	72.5	73	12
80	73	73.5	-2
81	73.5	74	2
82	74	74.5	-2
83	74.5	75	-4
84	75	76	1
85	76	79	-7
86	79	79.5	10
87	79.5	80	0
88	80	80.5	-1
89	80.5	81	-5
90	81	81.5	2
91	81.5	82	3
92	82	82.5	0
93	82.5	83	-5
94	83	83.5	2
95	83.5	84	3
96	84	84.5	0
97	84.5	85	-5
98	85	85.5	2
99	85.5	86	3
100	86	87.5	0
101	87.5	88	-1
102	88	89	1
103	89	90	0
104	90	91	0
105	91	92	0
106	92	92.5	-2
107	92.5	93	-1
108	93	93.5	1
109	93.5	94	-2
110	94	95	0
111	96.5	98	-5
112	98	98.5	0
113	98.5	99	-3
114	99	99.5	1
115	99.5	100	4
116	100	101	0
117	101	101.5	0
118	101.5	102	0
119	102	104	0
120	104.5	106	-2
121	106	106.5	0
122	106.5	107	-3
123	107	107.5	1
124	107.5	108	9
125	108	109	0
126	109	109.5	0
127	109.5	110	0
128	110	111.5	0
129	111.5	112	-1
130	112	112.5	-1
131	112.5	113	-3
132	113	113.5	1
133	113.5	114	2
134	114	114.5	0
135	114.5	115	-3
136	115	115.5	1
137	115.5	116	2
138	116	116.5	0
139	116.5	117	-3
140	117	117.5	1
141	117.5	118	2
142	118	118.5	0
143	118.5	119	-7
144	119	120	2
145	120	124	-2
146	124	126	0
147	128.5	130	2
148	130	130.5	0
149	130.5	131	-3
150	131	131.5	1
151	131.5	132	4
152	132	133	0
153	133	133.5	0
154	133.5	134	0
155	134	136	0
156	136.5	138	-2
157	138	138.5	0
158	138.5	139	-3
159	139	139.5	1
160	139.5	140	9
161	140	141	0
162	141	141.5	0
163	141.5	142	0
164	142	143.5	0
165	143.5	144	-1
166	144	144.5	-1
167	144.5	145	-3
168	145	145.5	1
169	145.5	146	2
170	146	146.5	0
171	146.5	147	-3
172	147	147.5	1
173	147.5	148	2
174	148	148.5	0
175	148.5	149	-3
176	149	149.5	1
177	149.5	150	2
178	150	150.5	0
179	150.5	151	-7
180	151	152	2
181	152	156	2
182	156	158	0
183	160.5	162	-2
184	162	162.5	0
185	162.5	163	-3
186	163	163.5	1
187	163.5	164	4
188	164	165	0
189	165	165.5	0
190	165.5	166	0
191	166	168	0
192	168.5	170	-2
193	170	170.5	0
194	170.5	171	-3
195	171	171.5	1
196	171.5	172	9
197	172	173	0
198	173	173.5	0
199	173.5	174	0
200	174	175.5	0
201	175.5	176	-1
202	176	176.5	-1
203	176.5	177	-3
204	177	177.5	1
205	177.5	178	2
206	178	178.5	0
207	178.5	179	-3
208	179	179.5	1
209	179.5	180	2
210	180	180.5	0
211	180.5	181	-3
212	181	181.5	1
213	181.5	182	2
214	182	182.5	0
215	182.5	183	-7
216	183	184	2
217	184	188	-2
218	188	190	0
219	191	192	14
220	192	194	-2
221	194	194.5	0
222	194.5	195	-4
223	195	196	1
224	196	199	-7
225	200.5	201	12
226	201	201.5	-2
227	201.5	202	2
228	202	202.5	-2
229	202.5	203	-4
230	203	204	1
231	204	207	-7
232	207	207.5	10
233	207.5	208	0
234	208	208.5	-1
235	208.5	209	-5
236	209	209.5	2
237	209.5	210	3
238	210	210.5	0
239	210.5	211	-5
240	211	211.5	2
241	211.5	212	3
242	212	212.5	0
243	212.5	213	-5
244	213	213.5	2
245	213.5	214	3
246	214	215.5	0
247	215.5	216	-1
248	216	217	1
249	217	218	0
250	218	219	0
251	219	220	0
252	220	220.5	-2
253	220.5	221	-1
254	221	221.5	1
255	221.5	222	-2
256	222	223	0
257	224.5	226	-5
258	226	226.5	0
259	226.5	227	-3
260	227	227.5	1
261	227.5	228	4
262	228	229	0
263	229	229.5	0
264	229.5	230	0
265	230	232	0
266	232.5	234	-2
267	234	234.5	0
268	234.5	235	-3
269	235	235.5	1
270	235.5	236	9
271	236	237	0
272	237	237.5	0
273	237.5	238	0
274	238	239.5	0
275	239.5	240	-1
276	240	240.5	-1
277	240.5	241	-3
278	241	241.5	1
279	241.5	242	2
280	242	242.5	0
281	242.5	243	-3
282	243	243.5	1
283	243.5	244	2
284	244	244.5	0
285	244.5	245	-3
286	245	245.5	1
287	245.5	246	2
288	246	246.5	0
289	246.5	247	-7
290	247	248	2
291	248	252	-2
292	252	256	0
