1	0	1	#
2	1	1.5	12
3	1.5	2	-5
4	2	2.5	2
5	2.5	3	-2
6	3	3.5	-3
7	3.5	4	-2
8	4	5	-2
9	5	6	-5
10	6	7	2
11	7	7.5	10
12	7.5	8	0
13	8	9	2
14	9	9.5	-2
15	9.5	10	0
16	10	10.5	-2
17	10.5	11	0
18	11	11.5	-1
19	11.5	12	0
20	12	13	1
21	13	13.5	-1
22	13.5	14	0
23	14	14.5	-2
24	14.5	15	0
25	15	15.5	-2
26	15.5	16	0
27	16	16.5	-3
28	16.5	17	0
29	17	17.5	3
30	17.5	18	0
31	18	18.5	5
32	18.5	19	0
33	19	19.5	-8
34	19.5	20	-2
35	20	22	0
36	23	23.5	0
37	23.5	24	0
38	24	24.5	2
39	24.5	25	0
40	25	25.5	3
41	25.5	26	0
42	26	26.5	5
43	26.5	27.5	4
44	27.5	28	-2
45	28	28.5	0
46	28.5	29	-4
47	29	31	1
48	31	31.5	0
49	31.5	32	1
50	32	32.5	2
51	32.5	33	0
52	33	33.5	0
53	33.5	34	0
54	34	34.5	-2
55	34.5	35.5	-1
56	35.5	36	-2
57	36	38	0
58	39	39.5	5
59	39.5	40	0
60	40	41	2
61	41	41.5	-2
62	41.5	42	0
63	42	42.5	-2
64	42.5	43	0
65	43	43.5	-1
66	43.5	44	0
67	44	45	1
68	45	45.5	-1
69	45.5	46	0
70	46	46.5	-2
71	46.5	47	0
72	47	47.5	-2
73	47.5	48	0
74	48	48.5	-3
75	48.5	49	0
76	49	49.5	3
77	49.5	50	0
78	50	50.5	5
79	50.5	51	0
80	51	51.5	-8
81	51.5	52	-2
82	52	54	0
83	55	55.5	0
84	55.5	56	0
85	56	56.5	2
86	56.5	57	0
87	57	57.5	3
88	57.5	58	0
89	58	58.5	5
90	58.5	59.5	4
91	59.5	60	-2
92	60	60.5	0
93	60.5	61	-4
94	61	63	1
95	63	63.5	3
96	63.5	64	2
97	64	64.5	3
98	64.5	65	0
99	65	65.5	0
100	65.5	66	0
101	66	66.5	-3
102	66.5	67	-5
103	67	67.5	0
104	67.5	68	3
105	68	71	0
106	76	77	5
107	77	78	0
108	78	78.5	-3
109	78.5	79	-2
110	79	79.5	2
111	79.5	80	2
112	80	81	1
113	81	82	0
114	82	82.5	-3
115	82.5	83	-2
116	83	83.5	2
117	83.5	84	1
118	84	85	1
119	85	85.5	0
120	85.5	86	-1
121	86	86.5	1
122	86.5	87.5	-1
123	87.5	88	-1
124	88	90	0
125	90.5	91	-2
126	91	91.5	2
127	91.5	92	1
128	92	93	1
129	93	93.5	0
130	93.5	94	-1
131	94	94.5	1
132	94.5	95.5	-1
133	95.5	96	-1
134	96	98	0
135	98	98.5	-2
136	98.5	99	2
137	99	99.5	3
138	99.5	100	-3
139	100	101	3
140	101	101.5	-3
141	101.5	102	-2
142	102	102.5	0
143	102.5	103	2
144	103	103.5	3
145	103.5	104	-3
146	104	105	7
147	105	108	-4
148	108	109	0
149	109	110	0
150	110	110.5	-3
151	110.5	111	-2
152	111	111.5	2
153	111.5	112	2
154	112	113	1
155	113	114	0
156	114	114.5	-3
157	114.5	115	-2
158	115	115.5	2
159	115.5	116	1
160	116	117	1
161	117	117.5	0
162	117.5	118	-1
163	118	118.5	1
164	118.5	119.5	-1
165	119.5	120	-1
166	120	122	0
167	122.5	123	-2
168	123	123.5	2
169	123.5	124	1
170	124	125	1
171	125	125.5	0
172	125.5	126	-1
173	126	126.5	1
174	126.5	127.5	-1
175	127.5	128	-1
176	128	130	0
177	130	130.5	-2
178	130.5	131	2
179	131	131.5	3
180	131.5	132	-3
181	132	133	3
182	133	134	0
183	134	134.5	-3
184	134.5	135	-2
185	135	135.5	-3
186	135.5	136	3
187	136	138	0
188	138.5	139	0
189	139	139.5	2
190	139.5	140	2
191	140	141	1
192	141	142	0
193	142	142.5	-3
194	142.5	143.5	-5
195	143.5	144	5
196	144	147	-2
197	151	151.5	0
198	151.5	152	0
199	152	153	2
200	153	153.5	-2
201	153.5	154	0
202	154	154.5	-2
203	154.5	155	0
204	155	155.5	-1
205	155.5	156	0
206	156	157	1
207	157	157.5	-1
208	157.5	158	0
209	158	158.5	-2
210	158.5	159	0
211	159	159.5	-2
212	159.5	160	0
213	160	160.5	-3
214	160.5	161	0
215	161	161.5	3
216	161.5	162	0
217	162	162.5	5
218	162.5	163	0
219	163	163.5	-8
220	163.5	164	-2
221	164	166	0
222	167	167.5	0
223	167.5	168	0
224	168	168.5	2
225	168.5	169	0
226	169	169.5	3
227	169.5	170	0
228	170	170.5	5
229	170.5	171.5	4
230	171.5	172	-2
231	172	172.5	0
232	172.5	173	-4
233	173	175	1
234	175	175.5	0
235	175.5	176	1
236	176	176.5	2
237	176.5	177	0
238	177	177.5	0
239	177.5	178	0
240	178	178.5	-2
241	178.5	179.5	-1
242	179.5	180	-2
243	180	182	0
244	183	183.5	5
245	183.5	184	0
246	184	185	2
247	185	185.5	-2
248	185.5	186	0
249	186	186.5	-2
250	186.5	187	0
251	187	187.5	-1
252	187.5	188	0
253	188	189	1
254	189	189.5	-1
255	189.5	190	0
256	190	190.5	-2
257	190.5	191	0
258	191	191.5	-2
259	191.5	192	0
260	192	192.5	-3
261	192.5	193	0
262	193	193.5	3
263	193.5	194	0
264	194	194.5	5
265	194.5	195	0
266	195	195.5	-8
267	195.5	196	-2
268	196	198	0
269	199	199.5	0
270	199.5	200	0
271	200	200.5	2
272	200.5	201	0
273	201	201.5	3
274	201.5	202	0
275	202	202.5	5
276	202.5	203.5	4
277	203.5	204	-2
278	204	204.5	0
279	204.5	205	-4
280	205	207	1
281	207	207.5	3
282	207.5	208	2
283	208	208.5	3
284	208.5	209	0
285	209	209.5	0
286	209.5	210	0
287	210	210.5	-3
288	210.5	211	-5
289	211	211.5	0
290	211.5	212	3
291	212	215	0
292	220	221	5
293	221	222	0
294	222	222.5	-3
295	222.5	223	-2
296	223	223.5	2
297	223.5	224	2
298	224	225	1
299	225	226	0
300	226	226.5	-3
301	226.5	227	-2
302	227	227.5	2
303	227.5	228	1
304	228	229	1
305	229	229.5	0
306	229.5	230	-1
307	230	230.5	1
308	230.5	231.5	-1
309	231.5	232	-1
310	232	234	0
311	234.5	235	-2
312	235	235.5	2
313	235.5	236	1
314	236	237	1
315	237	237.5	0
316	237.5	238	-1
317	238	238.5	1
318	238.5	239.5	-1
319	239.5	240	-1
320	240	242	0
321	242	242.5	-2
322	242.5	243	2
323	243	243.5	3
324	243.5	244	-3
325	244	245	3
326	245	245.5	-3
327	245.5	246	-2
328	246	246.5	0
329	246.5	247	2
330	247	247.5	3
331	247.5	248	-3
332	248	249	7
333	249	252	-4
334	252	253	0
335	253	254	0
336	254	254.5	-3
337	254.5	255	-2
338	255	255.5	2
339	255.5	256	2
340	256	257	1
341	257	258	0
342	258	258.5	-3
343	258.5	259	-2
344	259	259.5	2
345	259.5	260	1
346	260	261	1
347	261	261.5	0
348	261.5	262	-1
349	262	262.5	1
350	262.5	263.5	-1
351	263.5	264	-1
352	264	266	0
353	266.5	267	-2
354	267	267.5	2
355	267.5	268	1
356	268	269	1
357	269	269.5	0
358	269.5	270	-1
359	270	270.5	1
360	270.5	271.5	-1
361	271.5	272	-1
362	272	274	0
363	274	274.5	-2
364	274.5	275	2
365	275	275.5	3
366	275.5	276	-3
367	276	277	3
368	277	278	0
369	278	278.5	-3
370	278.5	279.5	-5
371	279.5	280	5
372	280	283	-2
373	284	285	5
374	285	286	0
375	286	286.5	-3
376	286.5	287	-2
377	287	287.5	2
378	287.5	288	2
379	288	289	1
380	289	290	0
381	290	290.5	-3
382	290.5	291	-2
383	291	291.5	2
384	291.5	292	1
385	292	293	1
386	293	293.5	0
387	293.5	294	-1
388	294	294.5	1
389	294.5	295.5	-1
390	295.5	296	-1
391	296	298	0
392	298.5	299	-2
393	299	299.5	2
394	299.5	300	1
395	300	301	1
396	301	301.5	0
397	301.5	302	-1
398	302	302.5	1
399	302.5	303.5	-1
400	303.5	304	-1
401	304	306	0
402	306	306.5	-2
403	306.5	307	2
404	307	307.5	3
405	307.5	308	-3
406	308	309	3
407	309	309.5	-3
408	309.5	310	-2
409	310	310.5	0
410	310.5	311	2
411	311	311.5	3
412	311.5	312	-3
413	312	313	7
414	313	316	-4
