#	Title	Pent Up House
#	Title	Sonny Rollins - Pent Up House.xml
1	0.5	1	7	3
2	1	1.5	9	3
3	1.5	2	11	3
4	2	2.5	0	4
5	2.5	3	2	4
6	3	3.5	4	4
7	3.5	4	5	4
8	4	4.5	7	4
9	4.5	5	4	4
10	5.5	6	7	4
11	6	7	3	4
12	7	7.5	7	4
13	7.5	8	4	4
14	8.5	9	7	4
15	9	10	3	4
16	10	10.5	7	4
17	10.5	11.5	3	4
18	11.5	12	7	4
19	12	14	2	4
20	14	15.5	3	4
21	15.5	16	2	4
22	16.5	17	7	3
23	17	17.5	9	3
24	17.5	18	11	3
25	18	18.5	0	4
26	18.5	19	2	4
27	19	19.5	4	4
28	19.5	20	5	4
29	20	20.5	7	4
30	20.5	21	4	4
31	21.5	22	7	4
32	22	23	3	4
33	23	23.5	7	4
34	23.5	24	4	4
35	24.5	25	7	4
36	25	26	3	4
37	26	26.5	7	4
38	26.5	27.5	3	4
39	27.5	28	7	4
40	28	30	2	4
41	30	31.5	3	4
42	31.5	32	2	4
43	32.5	33	7	3
44	33	33.5	2	4
45	33.5	34	11	3
46	34	34.5	0	4
47	34.5	35	2	4
48	35	35.5	4	4
49	35.5	36	7	4
50	36	36.5	0	5
51	36.5	37	9	4
52	37.5	38	0	5
53	38	39	8	4
54	39	39.5	0	5
55	39.5	40	9	4
56	40.5	41	0	5
57	41	42	8	4
58	42	42.5	0	5
59	42.5	43.5	8	4
60	43.5	44	0	5
61	44	47	7	4
62	48	48.5	10	4
63	48.5	49	7	4
64	49.5	50	10	4
65	50	52	6	4
66	52	52.5	7	4
67	52.5	53	4	4
68	53.5	54	7	4
69	54	55	3	4
70	55	55.5	7	4
71	55.5	56	4	4
72	56.5	57	7	4
73	57	58	3	4
74	58	58.5	7	4
75	58.5	59.5	3	4
76	59.5	60	7	4
77	60	63	2	4
78	64.5	65	7	3
79	65	65.5	9	3
80	65.5	66	11	3
81	66	66.5	0	4
82	66.5	67	2	4
83	67	67.5	4	4
84	67.5	68	5	4
85	68	68.5	7	4
86	68.5	69	4	4
87	69.5	70	7	4
88	70	71	3	4
89	71	71.5	7	4
90	71.5	72	4	4
91	72.5	73	7	4
92	73	74	3	4
93	74	74.5	7	4
94	74.5	75.5	3	4
95	75.5	76	7	4
96	76	78	2	4
97	78	79.5	3	4
98	79.5	80	2	4
99	80.5	81	7	3
100	81	81.5	9	3
101	81.5	82	11	3
102	82	82.5	0	4
103	82.5	83	2	4
104	83	83.5	4	4
105	83.5	84	5	4
106	84	84.5	7	4
107	84.5	85	4	4
108	85.5	86	7	4
109	86	87	3	4
110	87	87.5	7	4
111	87.5	88	4	4
112	88.5	89	7	4
113	89	90	3	4
114	90	90.5	7	4
115	90.5	91.5	3	4
116	91.5	92	7	4
117	92	94	2	4
118	94	95.5	3	4
119	95.5	96	2	4
120	96.5	97	7	3
121	97	97.5	2	4
122	97.5	98	11	3
123	98	98.5	0	4
124	98.5	99	2	4
125	99	99.5	4	4
126	99.5	100	7	4
127	100	100.5	0	5
128	100.5	101	9	4
129	101.5	102	0	5
130	102	103	8	4
131	103	103.5	0	5
132	103.5	104	9	4
133	104.5	105	0	5
134	105	106	8	4
135	106	106.5	0	5
136	106.5	107.5	8	4
137	107.5	108	0	5
138	108	111	7	4
139	112	112.5	10	4
140	112.5	113	7	4
141	113.5	114	10	4
142	114	116	6	4
143	116	116.5	7	4
144	116.5	117	4	4
145	117.5	118	7	4
146	118	119	3	4
147	119	119.5	7	4
148	119.5	120	4	4
149	120.5	121	7	4
150	121	122	3	4
151	122	122.5	7	4
152	122.5	123.5	3	4
153	123.5	124	7	4
154	124	127	2	4
