#	Title	Pennies op die Spoor
#	Title	Stef Kruger - Pennies op die Spoor.xml
1	3	3.5	7	3
2	3.5	4	7	3
3	4	4.5	4	4
4	4.5	5	4	4
5	5	5.5	4	4
6	5.5	6	4	4
7	6	6.5	4	4
8	6.5	7	4	4
9	7	7.5	2	4
10	7.5	8	0	4
11	8	9	7	3
12	11	11.5	7	3
13	11.5	12	7	3
14	12	12.5	5	4
15	12.5	13	5	4
16	13	13.5	5	4
17	13.5	14	5	4
18	14	14.5	5	4
19	14.5	15	5	4
20	15	15.5	4	4
21	15.5	16	2	4
22	16	16.5	2	4
23	16.5	17.5	9	3
24	19	19.5	7	3
25	19.5	20	7	3
26	20	21	5	4
27	21.5	22	5	4
28	22	23	5	4
29	23.5	24	7	3
30	24	24.5	5	4
31	24.5	25	5	4
32	27.5	28	7	3
33	28	28.5	4	4
34	28.5	29	4	4
35	29	29.5	4	4
36	29.5	30	4	4
37	30	30.5	4	4
38	30.5	31.5	2	4
39	31.5	32	0	4
40	34.5	35	7	3
41	35	35.5	7	3
42	35.5	36	7	3
43	36	37	4	4
44	37	37.5	4	4
45	37.5	38	4	4
46	38	38.5	4	4
47	38.5	39	4	4
48	39	39.5	2	4
49	39.5	40	0	4
50	40	40.5	0	4
51	40.5	41.5	7	3
52	43	43.5	7	3
53	43.5	44	7	3
54	44	44.5	5	4
55	44.5	45.5	5	4
56	45.5	46	5	4
57	46	47	4	4
58	47	47.5	2	4
59	47.5	48	9	3
60	48	49	9	3
61	51.5	52	7	3
62	52	52.5	5	4
63	52.5	53	5	4
64	53	53.5	5	4
65	53.5	54	5	4
66	54	55	5	4
67	55	55.5	5	4
68	55.5	56	5	4
69	56	57	2	4
70	59.5	60	7	3
71	60	60.5	4	4
72	60.5	61.5	4	4
73	61.5	62	4	4
74	62	62.5	4	4
75	62.5	63.5	2	4
76	63.5	64	4	4
77	64	65	4	4
78	66	67	0	4
79	67	68	0	4
80	68	68.5	9	3
81	68.5	69.5	9	3
82	69.5	70	0	4
83	70	70.5	0	4
84	70.5	71.5	0	4
85	71.5	72	5	4
86	72	73	5	4
87	74.5	75	7	4
88	75	76	9	4
89	76	77.5	7	4
90	77.5	78	4	4
91	78	78.5	4	4
92	78.5	79.5	7	3
93	79.5	80	0	4
94	80	81	0	4
95	83	83.5	9	3
96	83.5	84	9	3
97	84	84.5	7	3
98	84.5	85.5	7	3
99	85.5	86	11	3
100	86	86.5	11	3
101	86.5	87.5	11	3
102	87.5	88	2	4
103	92	92.5	0	4
104	92.5	93.5	0	4
105	93.5	94	0	4
106	94	94.5	0	4
107	94.5	95.5	2	4
108	95.5	96	2	4
109	96	98	4	4
110	99	99.5	0	4
111	99.5	100	0	4
112	100	100.5	9	3
113	100.5	101.5	9	3
114	101.5	102	0	4
115	102	102.5	0	4
116	102.5	103.5	0	4
117	103.5	104	5	4
118	104	105	5	4
119	106.5	107	7	4
120	107	108	9	4
121	108	109.5	7	4
122	109.5	110	4	4
123	110	110.5	4	4
124	110.5	111.5	7	3
125	111.5	112	0	4
126	112	113	0	4
127	115	115.5	9	3
128	115.5	116	9	3
129	116	116.5	7	3
130	116.5	117.5	7	3
131	117.5	118	11	3
132	118	118.5	11	3
133	118.5	119.5	11	3
134	119.5	120	2	4
135	124	124.5	0	4
136	124.5	125.5	0	4
137	126	126.5	11	3
138	126.5	127.5	11	3
139	127.5	128	0	4
140	128	129	0	4
141	130.5	131	7	3
142	131	131.5	7	3
143	131.5	132	7	3
144	132	132.5	4	4
145	132.5	133.5	4	4
146	133.5	134	4	4
147	134	134.5	4	4
148	134.5	135	4	4
149	135	135.5	2	4
150	135.5	136	0	4
151	136	137	7	3
152	140	140.5	5	4
153	140.5	141.5	5	4
154	141.5	142	5	4
155	142	142.5	5	4
156	142.5	143	5	4
157	143	143.5	4	4
158	143.5	144	2	4
159	144	144.5	2	4
160	144.5	145.5	9	3
161	147.5	148	7	3
162	148	148.5	5	4
163	148.5	149	5	4
164	149	149.5	5	4
165	149.5	150	5	4
166	150	150.5	5	4
167	150.5	151.5	5	4
168	151.5	152	5	4
169	152	152.5	5	4
170	152.5	153.5	2	4
171	155.5	156	5	4
172	156	157	4	4
173	157	157.5	4	4
174	157.5	158	4	4
175	158	158.5	4	4
176	158.5	159.5	2	4
177	159.5	160	4	4
178	160	161	4	4
179	164	164.5	4	4
180	164.5	165	4	4
181	165	165.5	4	4
182	165.5	166	4	4
183	166	166.5	4	4
184	166.5	167	4	4
185	167	167.5	2	4
186	167.5	168	0	4
187	168	168.5	0	4
188	168.5	169.5	7	3
189	171.5	172	7	3
190	172	173	5	4
191	175	175.5	4	4
192	175.5	176	2	4
193	176	177	9	3
194	179.5	180	9	3
195	180	180.5	5	4
196	180.5	181	5	4
197	181	181.5	5	4
198	181.5	182	5	4
199	182	182.5	5	4
200	182.5	183.5	5	4
201	184	184.5	5	4
202	184.5	185	5	4
203	185	185.5	5	4
204	185.5	186	5	4
205	186	186.5	5	4
206	186.5	187	5	4
207	187	187.5	5	4
208	187.5	188	5	4
209	188	188.5	4	4
210	188.5	189.5	4	4
211	192	194	0	4
212	194	195	0	4
213	195	196	0	4
214	196	196.5	9	3
215	196.5	197.5	9	3
216	197.5	198	0	4
217	198	198.5	0	4
218	198.5	199.5	0	4
219	199.5	200	5	4
220	200	201	5	4
221	202.5	203	7	4
222	203	204	9	4
223	204	205.5	7	4
224	205.5	206	4	4
225	206	206.5	4	4
226	206.5	207.5	7	3
227	207.5	208	0	4
228	208	209	0	4
229	211	211.5	9	3
230	211.5	212	9	3
231	212	212.5	7	3
232	212.5	213.5	7	3
233	213.5	214	11	3
234	214	214.5	11	3
235	214.5	215.5	11	3
236	215.5	216	2	4
237	220	220.5	0	4
238	220.5	221.5	0	4
239	221.5	222	0	4
240	222	222.5	0	4
241	222.5	223.5	2	4
242	223.5	224	2	4
243	224	226	4	4
244	227	227.5	0	4
245	227.5	228	0	4
246	228	228.5	9	3
247	228.5	229.5	9	3
248	229.5	230	0	4
249	230	230.5	0	4
250	230.5	231.5	0	4
251	231.5	232	5	4
252	232	233	5	4
253	234.5	235	7	4
254	235	236	9	4
255	236	237.5	7	4
256	237.5	238	4	4
257	238	238.5	4	4
258	238.5	239.5	7	3
259	239.5	240	0	4
260	240	241	0	4
261	243	243.5	9	3
262	243.5	244	9	3
263	244	244.5	7	3
264	244.5	245.5	7	3
265	245.5	246	11	3
266	246	246.5	11	3
267	246.5	247.5	11	3
268	247.5	248	2	4
269	252	252.5	0	4
270	252.5	253.5	0	4
271	254	254.5	11	3
272	254.5	255.5	11	3
273	255.5	256	0	4
274	256	258	0	4
