#	Title	They Won't Go When I Go
#	Title	Stevie Wonder - They Won't Go When I Go.xml
1	0	0.5	9	3
2	0.5	1	9	3
3	1	1.5	9	3
4	1.5	1.75	11	3
5	1.75	2	9	3
6	2	2.5	8	3
7	2.5	3	4	3
8	3	3.5	0	4
9	3.5	4	0	4
10	4	4.5	0	4
11	4.5	4.75	2	4
12	4.75	5	0	4
13	5	5.5	11	3
14	5.5	6	4	3
15	6	6.5	4	4
16	6.5	7	4	4
17	7	7.5	4	4
18	7.5	7.75	5	4
19	7.75	8	4	4
20	8	8.5	2	4
21	8.5	9	4	3
22	9	9.5	7	4
23	9.5	10	7	4
24	10	10.5	7	4
25	10.5	11	9	4
26	11	11.5	4	4
27	11.5	11.75	2	4
28	11.75	12	0	4
29	12	13	0	4
30	14	15	2	4
31	15	17	4	4
32	17	18	5	4
33	18	20	7	4
34	20	21	5	4
35	21	23	4	4
36	23	24	2	4
37	24	24.5	9	3
38	24.5	25	9	3
39	25	25.5	9	3
40	25.5	25.75	11	3
41	25.75	26	9	3
42	26	26.5	8	3
43	26.5	27	4	3
44	27	27.5	0	4
45	27.5	28	0	4
46	28	28.5	0	4
47	28.5	28.75	2	4
48	28.75	29	0	4
49	29	29.5	11	3
50	29.5	30	4	3
51	30	30.5	4	4
52	30.5	31	4	4
53	31	31.5	4	4
54	31.5	31.75	5	4
55	31.75	32	4	4
56	32	32.5	2	4
57	32.5	33	4	3
58	33	33.5	7	4
59	33.5	34	7	4
60	34	34.5	7	4
61	34.5	35	9	4
62	35	35.5	4	4
63	35.5	35.75	2	4
64	35.75	36	0	4
65	36	37	0	4
66	37.5	38	4	3
67	38	39	0	4
68	39	40	11	3
69	40.5	41	5	3
70	41	42	10	3
71	42	43	9	3
72	44	45	8	3
73	45	46	7	3
74	47	48	6	3
75	48	49	5	3
76	50	51	4	3
77	51	52	3	3
78	54	54.5	4	3
79	54.5	55	9	3
80	55	57	9	3
81	60	62	0	4
82	62	63	2	4
83	63	65	4	4
84	65	66	5	4
85	66	68	7	4
86	68	69	9	4
87	69	71	7	4
88	71	72	5	4
89	72	75	4	4
90	75	75.5	9	3
91	75.5	76	9	3
92	76	76.5	9	3
93	76.5	76.75	11	3
94	76.75	77	9	3
95	77	77.5	8	3
96	77.5	78	4	3
97	78	78.5	0	4
98	78.5	79	0	4
99	79	79.5	0	4
100	79.5	79.75	2	4
101	79.75	80	0	4
102	80	80.5	11	3
103	80.5	81	4	3
104	81	81.5	4	4
105	81.5	82	4	4
106	82	82.5	4	4
107	82.5	82.75	5	4
108	82.75	83	4	4
109	83	83.5	2	4
110	83.5	84	4	3
111	84	84.5	7	4
112	84.5	85	7	4
113	85	85.5	7	4
114	85.5	86	9	4
115	86	86.5	4	4
116	86.5	86.75	2	4
117	86.75	87	0	4
118	87	88	0	4
119	89	90	2	4
120	90	92	4	4
121	92	93	5	4
122	93	95	7	4
123	95	96	5	4
124	96	98	4	4
125	98	99	2	4
126	99	99.5	9	3
127	99.5	100	9	3
128	100	100.5	9	3
129	100.5	100.75	11	3
130	100.75	101	9	3
131	101	101.5	8	3
132	101.5	102	4	3
133	102	102.5	0	4
134	102.5	103	0	4
135	103	103.5	0	4
136	103.5	103.75	2	4
137	103.75	104	0	4
138	104	104.5	11	3
139	104.5	105	4	3
140	105	105.5	4	4
141	105.5	106	4	4
142	106	106.5	4	4
143	106.5	106.75	5	4
144	106.75	107	4	4
145	107	107.5	2	4
146	107.5	108	4	3
147	108	108.5	7	4
148	108.5	109	7	4
149	109	109.5	7	4
150	109.5	110	9	4
151	110	110.5	4	4
152	110.5	110.75	2	4
153	110.75	111	0	4
154	111	112	0	4
155	112.5	113	4	3
156	113	114	0	4
157	114	115	11	3
158	115.5	116	5	3
159	116	117	10	3
160	117	118	9	3
161	119	120	8	3
162	120	121	7	3
163	122	123	6	3
164	123	124	5	3
165	125	126	4	3
166	126	127	3	3
167	129	129.5	4	3
168	129.5	130	9	3
169	130	132	9	3
170	135	137	0	4
171	137	138	2	4
172	138	140	4	4
173	140	141	5	4
174	141	143	7	4
175	143	144	9	4
176	144	146	7	4
177	146	147	5	4
178	147	150	4	4
179	150	150.5	0	4
180	150.5	151	2	4
181	151	151.5	4	4
182	151.5	152	7	4
183	152	152.5	9	4
184	152.5	153	0	5
185	153	156	9	4
186	156.5	156.75	9	4
187	156.75	157	11	4
188	157	157.5	9	4
189	157.5	157.75	11	4
190	157.75	158	0	5
191	158	158.25	0	5
192	158.25	158.75	9	4
193	158.75	159	9	4
194	159	159.25	9	4
195	159.25	159.5	5	4
196	159.5	159.75	9	4
197	159.75	160	11	4
198	160	160.5	9	4
199	160.5	160.75	11	4
200	160.75	161.25	0	5
201	161	161.25	11	4
202	161.25	161.5	9	4
203	161.5	162	9	4
204	162	162.25	9	4
205	162.25	162.5	4	4
206	162.5	162.75	9	4
207	162.75	163	7	4
208	163	164	9	4
209	164	164.5	9	4
210	164.5	164.75	9	4
211	164.75	165	2	5
212	165	165.5	2	5
213	165.5	165.75	11	4
214	165.75	166	11	4
215	166	168	9	4
216	168.5	168.75	9	4
217	168.75	169	11	4
218	169	169.25	9	4
219	169.25	169.75	11	4
220	169.5	169.75	0	5
221	169.75	170	11	4
222	170	170.25	9	4
223	170.25	171	9	4
224	171.5	171.75	9	4
225	171.75	172	11	4
226	172	172.25	0	5
227	172.25	173	0	5
228	173	173.25	0	5
229	173.25	173.5	9	4
230	173.5	173.75	7	4
231	173.75	174	9	4
232	174	174.25	9	4
233	174.25	174.5	7	4
234	174.5	174.75	9	4
235	174.75	175	7	4
236	175	175.25	9	4
237	175.25	175.5	7	4
238	175.5	175.75	9	4
239	175.75	176	9	4
240	176	177	2	5
241	177	177.25	2	5
242	177.25	178	9	4
243	178	179	9	4
244	179	179.333	9	4
245	179.333	179.667	9	4
246	179.667	180	9	4
247	180	180.5	9	4
248	180.5	181	7	4
249	181	181.5	7	4
250	181.5	181.75	4	4
251	181.75	182	7	4
252	182	182.25	4	4
253	182.25	182.75	7	4
254	182.75	183	11	4
255	183	185	11	4
256	185	185.25	4	4
257	185.25	185.5	7	4
258	185.5	186	9	4
259	186	187	9	4
260	187	187.5	7	4
261	187.5	188	0	4
262	188	188.5	4	4
263	188.5	189	2	4
264	189	191	0	4
265	191	191.5	4	4
266	191.5	192	7	4
267	192	193	2	4
268	193	194	0	4
269	194	194.5	4	4
270	194.5	195	2	4
271	195	197	0	4
272	197.5	197.75	5	3
273	197.75	198	5	3
274	198	199	5	3
275	199	200	5	3
276	200	201	4	3
277	201	201.5	4	3
278	201.5	202	0	4
279	202	203.5	0	4
280	203.5	204	5	4
281	204	204.25	2	4
282	204.25	204.5	0	4
283	204.5	205	9	3
284	205	207	9	3
285	221.5	222	4	3
286	222	222.5	7	4
287	222.5	223	7	4
288	223	223.5	7	4
289	223.5	224	7	4
290	224	225	0	5
291	225	226	9	4
292	226.5	227	4	3
293	227	228	0	4
294	228	229	11	3
295	229.5	230	5	3
296	230	231	10	3
297	231	232	9	3
298	233	234	8	3
299	234	235	7	3
300	236	237	6	3
301	237	238	5	3
302	239	240	4	3
303	240	241	3	3
304	241	243	9	4
305	243	245	9	4
306	245	245.5	0	5
307	245.5	246	9	4
308	246	249	9	4
309	249	251	1	4
310	251	252	2	4
311	252	254	4	4
312	254	255	5	4
313	255	257	7	4
314	257	258	9	4
315	258	260	7	4
316	260	260.5	4	4
317	260.5	261	2	4
318	261	261.5	0	4
319	261.5	262	11	3
320	262	262.5	0	4
321	262.5	263	11	3
322	263	263.5	8	3
323	263.5	264	4	3
324	264	267	9	3
