#	Title	The Marvelous Toy
#	Title	Tom Paxton - The Marvelous Toy.xml
1	3	4	7	4
2	4	4.5	0	4
3	4.5	5	0	4
4	5	6	0	4
5	6	7	0	4
6	7	8	4	4
7	8	8.5	2	4
8	8.5	9	2	4
9	9	9.5	2	4
10	9.5	10	2	4
11	10	11.5	2	4
12	11.5	12	2	4
13	12	12.5	0	4
14	12.5	13	0	4
15	13	13.5	0	4
16	13.5	14	0	4
17	14	14.5	0	4
18	14.5	15	0	4
19	15	15.5	4	4
20	15.5	16	4	4
21	16	19	2	4
22	19	20	7	4
23	20	21	9	4
24	21	21.5	9	4
25	21.5	22	9	4
26	22	22.5	9	4
27	22.5	23	9	4
28	23	24	5	4
29	24	25	7	4
30	25	26	7	4
31	26	26.5	7	4
32	26.5	27	7	4
33	27	28	4	4
34	28	28.5	2	4
35	28.5	29	2	4
36	29	30	2	4
37	30	30.5	5	4
38	30.5	31	5	4
39	31	32	0	4
40	32	35	7	4
41	35	36	7	4
42	36	36.5	0	4
43	36.5	37	0	4
44	37	37.5	0	4
45	37.5	38	0	4
46	38	39	0	4
47	39	39.5	4	4
48	39.5	40	4	4
49	40	40.5	2	4
50	40.5	41	2	4
51	41	42	2	4
52	42	42.5	2	4
53	42.5	43	2	4
54	43	43.5	2	4
55	43.5	44	2	4
56	44	44.5	0	4
57	44.5	45	0	4
58	45	45.5	0	4
59	45.5	46	0	4
60	46	46.5	4	4
61	46.5	47	4	4
62	47	48	7	4
63	48	51	5	4
64	51	51.5	9	4
65	51.5	52	9	4
66	52	52.5	0	5
67	52.5	53	0	5
68	53	54	0	5
69	54	55	0	5
70	55	56	9	4
71	56	56.5	7	4
72	56.5	57	7	4
73	57	58	7	4
74	58	59	4	4
75	59	59.5	0	4
76	59.5	60	0	4
77	60	60.5	2	4
78	60.5	61	2	4
79	61	61.5	2	4
80	61.5	62	2	4
81	62	63	4	4
82	63	64	0	4
83	64	65	7	4
84	65	66	7	4
85	66	67	7	4
86	67	68	7	4
87	68	69	0	4
88	69	69.5	0	4
89	69.5	70	0	4
90	70	71	0	4
91	71	72	4	4
92	72	73	2	4
93	73	73.5	2	4
94	73.5	74	2	4
95	74	75.5	2	4
96	75.5	76	2	4
97	76	77	0	4
98	77	78	0	4
99	78	79	4	4
100	79	80	7	4
101	80	83	5	4
102	83	84	9	4
103	84	85	0	5
104	85	86	0	5
105	86	87	0	5
106	87	88	9	4
107	88	89	7	4
108	89	90	7	4
109	90	91	4	4
110	91	91.5	0	4
111	91.5	92	0	4
112	92	93	2	4
113	93	94	2	4
114	94	95	0	4
115	95	96	11	3
116	96	99	0	4
