#	Title	The Carnival is Over
#	Title	Tom Springfield - The Carnival is Over.xml
1	3	3.5	7	3
2	3.5	4	7	3
3	4	6	0	4
4	6	6.5	0	4
5	6.5	7	0	4
6	7	7.5	2	4
7	7.5	8	0	4
8	8	9	0	4
9	9	11	11	3
10	11	11.5	7	3
11	11.5	12	7	3
12	12	14	5	4
13	14	14.5	5	4
14	14.5	15	2	4
15	15	15.5	7	4
16	15.5	16	2	4
17	16	18	4	4
18	18	19	4	4
19	19	19.5	0	4
20	19.5	20	0	4
21	20	22	9	4
22	22	22.5	9	4
23	22.5	23	7	4
24	23	23.5	5	4
25	23.5	24	9	4
26	24	25	7	4
27	25	27	4	4
28	27	27.5	4	4
29	27.5	28	0	4
30	28	30	9	3
31	30	30.5	9	3
32	30.5	31	7	3
33	31	31.5	9	3
34	31.5	32	0	4
35	32	34	2	4
36	34	35	2	4
37	35	35.5	7	3
38	35.5	36	7	3
39	36	38	0	4
40	38	38.5	0	4
41	38.5	39	0	4
42	39	39.5	2	4
43	39.5	40	0	4
44	40	40.5	0	4
45	40.5	42.5	11	3
46	42.5	43	7	3
47	43	43.5	7	3
48	44	46	5	4
49	46	46.5	5	4
50	46.5	47	2	4
51	47	47.5	7	4
52	47.5	48	2	4
53	48	50	4	4
54	50	51	4	4
55	51	51.5	0	4
56	51.5	52	0	4
57	52	54	9	4
58	54	54.5	9	4
59	54.5	55	7	4
60	55	55.5	5	4
61	55.5	56	9	4
62	56	57	7	4
63	57	59	4	4
64	59	59.5	4	4
65	59.5	60	0	4
66	60	62	9	3
67	62	62.5	9	3
68	62.5	63	7	3
69	63	63.5	9	3
70	63.5	64	0	4
71	64	66	0	4
72	66	67	0	4
73	67	67.5	0	4
74	67.5	68	0	4
75	68	70	5	4
76	70	70.5	5	4
77	70.5	71	5	4
78	71	71.5	7	4
79	71.5	72	9	4
80	72	73	7	4
81	73	75	4	4
82	75	75.5	4	4
83	75.5	76	7	4
84	76	78	9	4
85	78	78.5	9	4
86	78.5	79	7	4
87	79	79.5	5	4
88	79.5	80	9	4
89	80	82	7	4
90	82	83	7	4
91	83	83.5	0	4
92	83.5	84	0	4
93	84	86	5	4
94	86	86.5	5	4
95	86.5	87	5	4
96	87	87.5	7	4
97	87.5	88	9	4
98	88	89	7	4
99	89	91	4	4
100	91	91.5	4	4
101	91.5	92	7	4
102	92	94	9	4
103	94	94.5	9	4
104	94.5	95	7	4
105	95	95.5	5	4
106	95.5	96	4	4
107	96	98	2	4
108	98	99	2	4
109	99	99.5	4	4
110	99.5	100	2	4
111	100	102	0	4
112	102	102.5	0	4
113	102.5	103	0	4
114	103	103.5	2	4
115	103.5	104	0	4
116	104	105	0	4
117	105	107	11	3
118	107	107.5	7	3
119	107.5	108	7	3
120	108	110	5	4
121	110	110.5	5	4
122	110.5	111	2	4
123	111	111.5	7	4
124	111.5	112	2	4
125	112	114	4	4
126	114	115	4	4
127	115	115.5	0	4
128	115.5	116	0	4
129	116	118	9	4
130	118	118.5	9	4
131	118.5	119	7	4
132	119	119.5	5	4
133	119.5	120	9	4
134	120	121	7	4
135	121	123	4	4
136	123	123.5	4	4
137	123.5	124	0	4
138	124	126	9	3
139	126	126.5	9	3
140	126.5	127	7	3
141	127	127.5	9	3
142	127.5	128	0	4
143	128	130	0	4
144	131	131.5	7	3
145	131.5	132	7	3
146	132	134	0	4
147	134	134.5	0	4
148	134.5	135	0	4
149	135	135.5	2	4
150	135.5	136	0	4
151	136	137	0	4
152	137	139	11	3
153	139	139.5	7	3
154	139.5	140	7	3
155	140	142	5	4
156	142	142.5	5	4
157	142.5	143	2	4
158	143	143.5	7	4
159	143.5	144	2	4
160	144	146	4	4
161	146	147	4	4
162	147	147.5	0	4
163	147.5	148	0	4
164	148	150	9	4
165	150	150.5	9	4
166	150.5	151	7	4
167	151	151.5	5	4
168	151.5	152	9	4
169	152	153	7	4
170	153	155	4	4
171	155	155.5	4	4
172	155.5	156	0	4
173	156	158	9	3
174	158	158.5	9	3
175	158.5	159	7	3
176	159	159.5	9	3
177	159.5	160	0	4
178	160	162	2	4
179	162	163	2	4
180	163	163.5	7	3
181	163.5	164	7	3
182	164	166	0	4
183	166	166.5	0	4
184	166.5	167	0	4
185	167	167.5	2	4
186	167.5	168	0	4
187	168	168.5	0	4
188	168.5	170.5	11	3
189	170.5	171	7	3
190	171	171.5	7	3
191	172	174	5	4
192	174	174.5	5	4
193	174.5	175	2	4
194	175	175.5	7	4
195	175.5	176	2	4
196	176	178	4	4
197	178	179	4	4
198	179	179.5	0	4
199	179.5	180	0	4
200	180	182	9	4
201	182	182.5	9	4
202	182.5	183	7	4
203	183	183.5	5	4
204	183.5	184	9	4
205	184	185	7	4
206	185	187	4	4
207	187	187.5	4	4
208	187.5	188	0	4
209	188	190	9	3
210	190	190.5	9	3
211	190.5	191	7	3
212	191	191.5	9	3
213	191.5	192	0	4
214	192	194	0	4
215	194	195	0	4
216	195	195.5	0	4
217	195.5	196	0	4
218	196	198	5	4
219	198	198.5	5	4
220	198.5	199	5	4
221	199	199.5	7	4
222	199.5	200	9	4
223	200	201	7	4
224	201	203	4	4
225	203	203.5	4	4
226	203.5	204	7	4
227	204	206	9	4
228	206	206.5	9	4
229	206.5	207	7	4
230	207	207.5	5	4
231	207.5	208	9	4
232	208	210	7	4
233	210	211	7	4
234	211	211.5	0	4
235	211.5	212	0	4
236	212	214	5	4
237	214	214.5	5	4
238	214.5	215	5	4
239	215	215.5	7	4
240	215.5	216	9	4
241	216	217	7	4
242	217	219	4	4
243	219	219.5	4	4
244	219.5	220	7	4
245	220	222	9	4
246	222	222.5	9	4
247	222.5	223	7	4
248	223	223.5	5	4
249	223.5	224	4	4
250	224	226	2	4
251	226	227	2	4
252	227	227.5	4	4
253	227.5	228	2	4
254	228	230	0	4
255	230	230.5	0	4
256	230.5	231	0	4
257	231	231.5	2	4
258	231.5	232	0	4
259	232	233	0	4
260	233	235	11	3
261	235	235.5	7	3
262	235.5	236	7	3
263	236	238	5	4
264	238	238.5	5	4
265	238.5	239	2	4
266	239	239.5	7	4
267	239.5	240	2	4
268	240	242	4	4
269	242	243	4	4
270	243	243.5	0	4
271	243.5	244	0	4
272	244	246	9	4
273	246	246.5	9	4
274	246.5	247	7	4
275	247	247.5	5	4
276	247.5	248	9	4
277	248	249	7	4
278	249	251	4	4
279	251	251.5	4	4
280	251.5	252	0	4
281	252	254	9	3
282	254	254.5	9	3
283	254.5	255	7	3
284	255	255.5	9	3
285	255.5	256	0	4
286	256	258	0	4
287	258	259	0	4
