#	Title	Hold the line
#	Title	Toto - Hold the line.xml
1	2	3	2	4
2	3	4	9	4
3	4	5	9	4
4	5	6	9	4
5	6	8	9	4
6	8	9	7	4
7	9	10	7	4
8	10	11	7	4
9	11	12	4	4
10	12	14	9	4
11	14	15	4	4
12	26	27	2	4
13	27	28	9	4
14	28	29	9	4
15	29	30	9	4
16	30	32	9	4
17	32	33	7	4
18	33	34	7	4
19	34	35	7	4
20	35	36	4	4
21	36	39	9	4
22	50	51	2	4
23	51	52	9	4
24	52	53	9	4
25	53	54	9	4
26	54	56	9	4
27	56	57	7	4
28	57	58	7	4
29	58	60	7	4
30	60	62	7	4
31	62	63	5	4
32	63	64	5	4
33	64	65	4	4
34	65	66	4	4
35	66	67	4	4
36	67	69	2	4
37	74	75	2	4
38	75	76	9	4
39	76	77	9	4
40	77	78	9	4
41	78	80	9	4
42	80	81	7	4
43	81	82	7	4
44	82	84	7	4
45	84	86	7	4
46	86	87	5	4
47	87	88	5	4
48	88	89	4	4
49	89	90	4	4
50	90	91	4	4
51	91	93	2	4
52	98	99	2	4
53	99	100	9	4
54	100	101	9	4
55	101	102	9	4
56	102	104	9	4
57	104	105	7	4
58	105	106	7	4
59	106	107	4	4
60	107	108	7	4
61	108	109	9	4
62	109	110	7	4
63	110	111	4	4
64	111	112	9	4
65	112	113	7	4
66	113	114	4	4
67	114	117	7	4
68	118	119	4	4
69	119	120	7	4
70	120	123	9	4
71	135	136	7	4
72	136	137	9	4
73	137	138	11	4
74	138	140	0	5
75	140	141	11	4
76	141	142	11	4
77	142	143	9	4
78	143	144	7	4
79	144	147	9	4
80	152	153	7	4
81	153	154	7	4
82	154	156	4	4
83	156	159	2	4
84	166	167	4	4
85	167	168	7	4
86	168	171	9	4
87	183	184	7	4
88	184	185	9	4
89	185	186	11	4
90	186	188	0	5
91	188	189	11	4
92	189	190	11	4
93	190	191	9	4
94	191	192	7	4
95	192	195	9	4
96	200	201	7	4
97	201	202	7	4
98	202	204	4	4
99	204	207	2	4
100	218	219	2	4
101	219	220	9	4
102	220	221	9	4
103	221	222	9	4
104	222	224	9	4
105	224	225	7	4
106	225	226	7	4
107	226	227	7	4
108	227	228	4	4
109	228	230	9	4
110	230	231	4	4
111	242	243	2	4
112	243	244	9	4
113	244	245	9	4
114	245	246	9	4
115	246	248	9	4
116	248	249	7	4
117	249	250	7	4
118	250	251	7	4
119	251	252	4	4
120	252	255	9	4
121	266	267	2	4
122	267	268	9	4
123	268	269	9	4
124	269	270	9	4
125	270	272	9	4
126	272	273	7	4
127	273	274	7	4
128	274	276	7	4
129	276	278	7	4
130	278	279	5	4
131	279	280	5	4
132	280	281	4	4
133	281	282	4	4
134	282	283	4	4
135	283	285	2	4
136	290	291	2	4
137	291	292	9	4
138	292	293	9	4
139	293	294	9	4
140	294	296	9	4
141	296	297	7	4
142	297	298	7	4
143	298	300	7	4
144	300	302	7	4
145	302	303	5	4
146	303	304	5	4
147	304	305	4	4
148	305	306	4	4
149	306	307	4	4
150	307	309	2	4
151	314	315	2	4
152	315	316	9	4
153	316	317	9	4
154	317	318	9	4
155	318	320	9	4
156	320	321	7	4
157	321	322	7	4
158	322	323	4	4
159	323	324	7	4
160	324	325	9	4
161	325	326	7	4
162	326	327	4	4
163	327	328	9	4
164	328	329	7	4
165	329	330	4	4
166	330	333	7	4
167	334	335	4	4
168	335	336	7	4
169	336	339	9	4
170	351	352	7	4
171	352	353	9	4
172	353	354	11	4
173	354	356	0	5
174	356	357	11	4
175	357	358	11	4
176	358	359	9	4
177	359	360	7	4
178	360	363	9	4
179	368	369	7	4
180	369	370	7	4
181	370	372	4	4
182	372	375	2	4
183	382	383	4	4
184	383	384	7	4
185	384	387	9	4
186	399	400	7	4
187	400	401	9	4
188	401	402	11	4
189	402	404	0	5
190	404	405	11	4
191	405	406	11	4
192	406	407	9	4
193	407	408	7	4
194	408	411	9	4
195	416	417	7	4
196	417	418	7	4
197	418	420	4	4
198	420	423	2	4
199	432	435	9	4
200	440	441	7	4
201	441	442	7	4
202	442	444	4	4
203	444	446	4	4
204	446	446.5	5	4
205	446.5	447	4	4
206	447	450	2	4
