#	Title	Hey soul sister
#	Title	Train - Hey soul sister.xml
1	3	4	4	5
2	4	6	2	5
3	6	6.5	0	5
4	6.5	7	2	5
5	7	7.5	4	5
6	7.5	7.75	0	5
7	7.75	8	9	4
8	8	10	9	4
9	10	10.5	0	5
10	10.5	11	2	5
11	11	11.5	4	5
12	11.5	11.75	9	4
13	11.75	12	5	5
14	12	12.5	5	5
15	12.5	13	4	5
16	13	13.5	2	5
17	13.5	15.5	0	5
18	15.5	16	7	4
19	16	17	4	5
20	17	18	4	5
21	18	20	4	5
22	21	21.5	2	5
23	21.5	22	4	5
24	22	22.5	5	5
25	22.5	23	4	5
26	23	23.5	2	5
27	23.5	24	0	5
28	24	25	4	5
29	25	26	4	5
30	26	28	4	5
31	29.5	29.75	0	5
32	29.75	30	5	5
33	30	30.25	5	5
34	30.25	30.75	4	5
35	30.75	31	2	5
36	31	31.25	2	5
37	31.25	31.75	2	5
38	31.75	32	0	5
39	32	32.5	4	5
40	32.5	33.5	0	5
41	33.5	34	0	5
42	34	34.25	5	5
43	34.25	35	4	5
44	35	35.5	2	5
45	35.5	36	0	5
46	36	37	11	4
47	37	37.5	9	4
48	37.5	38	11	4
49	38	38.5	11	4
50	38.5	39.5	0	5
51	39.5	40	9	4
52	40	44	9	4
53	44	47	9	4
54	47.5	48	11	4
55	48	49	4	5
56	49	50	0	5
57	50	52	7	4
58	52.5	53	0	5
59	53	53.25	2	5
60	53.25	53.75	4	5
61	53.75	54	5	5
62	54	54.5	5	5
63	54.5	55	4	5
64	55	55.5	2	5
65	55.5	56	0	5
66	56	57	4	5
67	57	58	0	5
68	58	58.5	0	5
69	58.5	59	2	5
70	59	59.5	2	5
71	59.5	60	0	5
72	60	61.5	0	5
73	61.5	62	0	5
74	62	62.5	5	5
75	62.5	63	4	5
76	63	63.5	2	5
77	63.5	63.75	0	5
78	63.75	64	4	5
79	64	64.5	4	5
80	64.5	65	0	5
81	65	65.5	0	5
82	65.5	66	2	5
83	66	66.25	5	5
84	66.25	67	4	5
85	67	67.5	2	5
86	67.5	67.75	0	5
87	67.75	68	2	5
88	68	68.5	2	5
89	68.5	69.5	11	4
90	69.5	70	9	4
91	70	70.5	11	4
92	70.5	70.75	9	4
93	70.75	71	0	5
94	71	71.5	0	5
95	71.5	72	9	4
96	72	76	9	4
97	76	79	9	4
98	80	81	7	5
99	81	82	4	5
100	82	82.5	2	5
101	82.5	83.5	0	5
102	83.5	84	7	5
103	84	84.5	7	5
104	84.5	85	7	5
105	85	85.5	4	5
106	85.5	86	4	5
107	86	86.5	2	5
108	86.5	87	0	5
109	87	87.5	0	5
110	87.5	88	2	5
111	88	88.5	4	5
112	88.5	88.75	0	5
113	88.75	89	0	5
114	89	90	0	5
115	90	90.5	4	5
116	90.5	90.75	0	5
117	90.75	91	0	5
118	91	91.25	0	5
119	91.25	91.75	4	5
120	91.75	92	4	5
121	92	92.25	4	5
122	92.25	92.75	4	5
123	92.75	93.25	4	5
124	93.25	94	4	5
125	94	94.5	2	5
126	94.5	94.75	0	5
127	94.75	95.75	0	5
128	96	97	7	5
129	97	98	4	5
130	98	98.5	2	5
131	98.5	99.5	0	5
132	99.5	100	7	5
133	100	100.5	7	5
134	100.5	101	7	5
135	101	101.5	4	5
136	101.5	102	4	5
137	102	102.5	2	5
138	102.5	103	0	5
139	103	103.5	0	5
140	103.5	104	2	5
141	104	105	4	5
142	105	105.5	0	5
143	105.5	106.5	0	5
144	106.5	108	2	5
145	108	111	2	5
146	111.5	111.75	0	5
147	111.75	112	0	5
148	112	115	0	5
149	115	116	4	5
150	116	118	2	5
151	118	118.5	0	5
152	118.5	119	2	5
153	119	119.5	4	5
154	119.5	119.75	0	5
155	119.75	120	9	4
156	120	122	9	4
157	122	122.5	0	5
158	122.5	123	2	5
159	123	123.5	4	5
160	123.5	123.75	9	4
161	123.75	124	5	5
162	124	124.5	5	5
163	124.5	125	4	5
164	125	125.5	2	5
165	125.5	127.5	0	5
166	128	129	4	5
167	129	130	4	5
168	130	130.5	4	5
169	130.5	130.75	2	5
170	130.75	131	0	5
171	131	131.5	0	5
172	131.5	132	7	4
173	133	133.5	2	5
174	133.5	134	4	5
175	134	134.5	5	5
176	134.5	135	4	5
177	135	135.5	2	5
178	135.5	136	0	5
179	136	137	4	5
180	137	138	0	5
181	138	138.75	0	5
182	138.75	139.5	2	5
183	139.5	140	0	5
184	140	141.5	0	5
185	141.75	142	2	5
186	142	142.5	5	5
187	142.5	143	4	5
188	143	143.5	2	5
189	143.5	143.75	0	5
190	143.75	144	4	5
191	144	144.5	4	5
192	144.5	145.5	0	5
193	145.75	146	0	5
194	146	146.5	5	5
195	146.5	147	4	5
196	147	147.5	2	5
197	147.5	147.75	0	5
198	147.75	148	11	4
199	148	148.5	11	4
200	148.5	149.5	7	4
201	149.5	150	9	4
202	150	151	0	5
203	151	152	2	5
204	152	154	9	4
205	154	156	0	5
206	156	156.75	4	5
207	156.75	157.5	4	5
208	157.5	158	4	5
209	158	158.5	2	5
210	158.5	159	0	5
211	159	159.75	0	5
212	159.75	160	0	5
213	160	161	4	5
214	161	162	0	5
215	162	164	7	4
216	164.5	165	0	5
217	165	165.25	2	5
218	165.25	165.75	4	5
219	165.75	166.5	5	5
220	166.5	167	4	5
221	167	167.5	2	5
222	167.5	168	0	5
223	168	169	4	5
224	169	170	0	5
225	170	170.75	0	5
226	170.75	171.5	2	5
227	171.5	172	9	4
228	172	174	9	4
229	174	174.25	5	5
230	174.25	174.75	4	5
231	174.75	175.25	2	5
232	175.25	175.75	0	5
233	175.75	176	5	5
234	176	177	5	5
235	177	177.25	2	5
236	177.25	177.75	4	5
237	177.75	178.25	5	5
238	178.25	179	4	5
239	179	179.5	2	5
240	179.5	179.75	0	5
241	179.75	180	4	5
242	180	180.25	4	5
243	180.25	181	2	5
244	181	181.5	2	5
245	181.5	182	4	5
246	182	182.5	5	5
247	182.5	183	4	5
248	183	183.5	2	5
249	183.5	184	0	5
250	184	185	0	5
251	185	185.5	9	4
252	185.5	186.5	0	5
253	186.5	187.5	2	5
254	187.5	188	2	5
255	188	188.25	2	5
256	188.25	188.5	4	5
257	188.5	189	2	5
258	189	192	0	5
259	192	193	7	5
260	193	194	4	5
261	194	194.5	2	5
262	194.5	195.5	0	5
263	195.5	196	7	5
264	196	196.5	7	5
265	196.5	197	7	5
266	197	197.5	4	5
267	197.5	198	4	5
268	198	198.5	2	5
269	198.5	199	0	5
270	199	199.5	0	5
271	199.5	200	2	5
272	200	200.5	4	5
273	200.5	200.75	0	5
274	200.75	201	0	5
275	201	202	0	5
276	202	202.5	4	5
277	202.5	202.75	0	5
278	202.75	203	0	5
279	203	203.25	0	5
280	203.25	203.75	4	5
281	203.75	204	4	5
282	204	204.25	4	5
283	204.25	204.75	4	5
284	204.75	205.25	4	5
285	205.25	206	4	5
286	206	206.5	2	5
287	206.5	206.75	0	5
288	206.75	207.75	0	5
289	208	209	7	5
290	209	210	4	5
291	210	210.5	2	5
292	210.5	211.5	0	5
293	211.5	212	7	5
294	212	212.5	7	5
295	212.5	213	7	5
296	213	213.5	4	5
297	213.5	214	4	5
298	214	214.5	2	5
299	214.5	215	0	5
300	215	215.5	0	5
301	215.5	216	2	5
302	216	217	4	5
303	217	217.5	0	5
304	217.5	218.5	0	5
305	218.5	220	2	5
306	220	223	2	5
307	223.5	223.75	0	5
308	223.75	224	0	5
309	224	224.5	0	5
310	224.5	225	4	5
311	225	225.5	4	5
312	225.5	226	4	5
313	226	226.25	4	5
314	226.25	226.75	4	5
315	226.75	227.75	4	5
316	228	228.5	2	5
317	228.5	228.75	0	5
318	228.75	229	2	5
319	229	229.5	2	5
320	229.5	229.75	0	5
321	229.75	230.25	2	5
322	230.25	230.75	0	5
323	230.75	231.25	7	5
324	231.25	231.75	7	5
325	231.75	232	4	5
326	232	232.5	4	5
327	232.5	233	4	5
328	233	233.5	4	5
329	233.5	233.75	2	5
330	233.75	234.25	4	5
331	234.25	234.75	4	5
332	234.75	235.5	4	5
333	235.5	235.75	0	5
334	235.75	236	2	5
335	236	236.5	4	5
336	236.5	236.75	0	5
337	236.75	237.25	0	5
338	237.25	237.75	2	5
339	237.75	238.25	4	5
340	238.25	238.75	0	5
341	238.75	239.5	0	5
342	239.5	239.75	11	4
343	239.75	240	0	5
344	240	240.5	0	5
345	240.5	240.75	4	5
346	240.75	241	4	5
347	241	241.25	4	5
348	241.25	241.75	4	5
349	241.75	242.25	7	5
350	242.25	242.75	7	5
351	242.75	243.5	7	5
352	243.5	243.75	7	5
353	243.75	244	2	5
354	244	244.5	2	5
355	244.5	245	2	5
356	245	245.5	2	5
357	245.5	246	0	5
358	246	246.25	2	5
359	246.25	246.75	0	5
360	246.75	247.25	4	5
361	247.25	247.75	0	5
362	247.75	248	9	4
363	248	249	9	4
364	249.25	249.5	0	5
365	249.5	249.75	0	5
366	249.75	250	2	5
367	250	250.5	4	5
368	250.5	251	0	5
369	251	251.25	0	5
370	251.25	251.75	2	5
371	251.75	252	0	5
372	252	253	0	5
373	253.5	254	0	5
374	254	254.5	4	5
375	254.5	254.75	5	5
376	254.75	255.25	4	5
377	255.25	255.5	2	5
378	255.5	256	0	5
379	256	257	7	5
380	257	258	4	5
381	258	258.5	2	5
382	258.5	259.5	0	5
383	259.5	260	7	5
384	260	260.5	7	5
385	260.5	261	7	5
386	261	261.5	4	5
387	261.5	262	4	5
388	262	262.5	2	5
389	262.5	263	0	5
390	263	263.5	0	5
391	263.5	264	2	5
392	264	264.5	4	5
393	264.5	264.75	0	5
394	264.75	265	0	5
395	265	266	0	5
396	266	266.5	4	5
397	266.5	266.75	0	5
398	266.75	267	0	5
399	267	267.25	0	5
400	267.25	267.75	4	5
401	267.75	268	4	5
402	268	268.25	4	5
403	268.25	268.75	4	5
404	268.75	269.25	4	5
405	269.25	270	4	5
406	270	270.5	2	5
407	270.5	270.75	0	5
408	270.75	271.75	0	5
409	272	273	7	5
410	273	274	4	5
411	274	274.5	2	5
412	274.5	275.5	0	5
413	275.5	276	7	5
414	276	276.5	7	5
415	276.5	277	7	5
416	277	277.5	4	5
417	277.5	278	4	5
418	278	278.5	2	5
419	278.5	279	0	5
420	279	279.5	0	5
421	279.5	280	2	5
422	280	281	4	5
423	281	281.5	0	5
424	281.5	282.5	0	5
425	282.5	284	2	5
426	284	287	2	5
427	287.5	287.75	0	5
428	287.75	288	0	5
429	288	289	7	5
430	289	290	4	5
431	290	290.5	2	5
432	290.5	291.5	0	5
433	291.5	292	7	5
434	292	292.5	7	5
435	292.5	293	7	5
436	293	293.5	4	5
437	293.5	294	4	5
438	294	294.5	2	5
439	294.5	295	0	5
440	295	295.5	0	5
441	295.5	296	2	5
442	296	296.5	4	5
443	296.5	296.75	0	5
444	296.75	297	0	5
445	297	298	0	5
446	298	298.5	4	5
447	298.5	298.75	0	5
448	298.75	299	0	5
449	299	299.25	0	5
450	299.25	299.75	4	5
451	299.75	300	4	5
452	300	300.25	4	5
453	300.25	300.75	4	5
454	300.75	301.25	4	5
455	301.25	302	4	5
456	302	302.5	0	5
457	302.5	302.75	0	5
458	302.75	303.75	0	5
459	304	305	7	5
460	305	306	4	5
461	306	306.5	2	5
462	306.5	307.5	0	5
463	307.5	308	7	5
464	308	308.5	7	5
465	308.5	309	7	5
466	309	309.5	4	5
467	309.5	310	4	5
468	310	310.5	2	5
469	310.5	311	0	5
470	311	311.5	0	5
471	311.5	312	2	5
472	312	313	4	5
473	313	313.5	0	5
474	313.5	314.5	0	5
475	314.5	316	2	5
476	316	319	2	5
477	319.5	319.75	0	5
478	319.75	320	0	5
479	320	323	0	5
480	323	324	4	5
481	324	326	2	5
482	326	326.5	0	5
483	326.5	327	2	5
484	327	327.5	4	5
485	327.5	327.75	0	5
486	327.75	328	9	4
487	328	330	9	4
488	330	330.5	0	5
489	330.5	331	2	5
490	331	331.5	4	5
491	331.5	331.75	9	4
492	331.75	332	5	5
493	332	332.5	5	5
494	332.5	333	4	5
495	333	333.5	2	5
496	333.5	335.5	0	5
497	335.5	335.75	0	5
498	335.75	336	0	5
499	336	339	0	5
500	339	340	0	5
501	340	342	2	5
502	342	342.5	0	5
503	342.5	343	2	5
504	343	343.5	4	5
505	343.5	343.75	0	5
506	343.75	344	9	4
507	344	346	9	4
508	346	346.5	0	5
509	346.5	347	2	5
510	347	347.5	4	5
511	347.5	347.75	9	4
512	347.75	348	5	5
513	348	348.5	5	5
514	348.5	349	4	5
515	349	349.5	2	5
516	349.5	351.5	0	5
517	351.5	351.75	0	5
518	351.75	352	0	5
519	352	356	0	5
520	356	360	0	5
