1	4	4.75	#
2	4.75	5	0
3	5	5.5	3
4	5.5	6	4
5	6	6.75	-7
6	6.75	7	0
7	7	7.5	3
8	7.5	8	4
9	8.5	9	0
10	9.5	10	0
11	10.5	11	0
12	11	12	0
13	12	12.75	-7
14	12.75	13	0
15	13	13.5	3
16	13.5	14	4
17	14	14.75	-7
18	14.75	15	0
19	15	15.5	3
20	15.5	16	4
21	16.5	17	0
22	17.5	18	0
23	18.5	19	0
24	19	20	0
25	20	21.5	12
26	21.5	22	-2
27	22	22.5	-2
28	22.5	23	-1
29	23	24	-2
30	24	24.5	0
31	24.5	25	3
32	25	25.5	-1
33	25.5	26	-2
34	26	26.5	-2
35	26.5	27	2
36	27	27.5	-5
37	27.5	28	-2
38	28	31	2
39	31	32	0
40	32	33.5	12
41	33.5	34	-2
42	34	34.5	-2
43	34.5	35	-1
44	35	36	-2
45	36	36.5	0
46	36.5	37	3
47	37	37.5	-1
48	37.5	38	-2
49	38	38.5	-2
50	38.5	39	2
51	39	39.5	-5
52	39.5	40	-2
53	40	43	2
54	44	45	10
55	45	45.5	0
56	45.5	46	-2
57	46	47	-7
58	47	47.5	0
59	47.5	48	4
60	48	49	7
61	49	49.5	-2
62	49.5	50	-2
63	50	51	-7
64	51	51.5	4
65	51.5	52	3
66	52	52.5	-1
67	52.5	52.75	0
68	52.75	53	-2
69	53	53.5	-2
70	53.5	54	0
71	54	54.5	0
72	54.5	55	2
73	55	55.5	-2
74	55.5	56	2
75	56	60	0
76	60	60.5	5
77	60.5	61	0
78	61	61.5	0
79	61.5	62	-2
80	62	63	-7
81	63	63.5	0
82	63.5	64	4
83	64	65	7
84	65	65.5	-2
85	65.5	66	-2
86	66	67	-7
87	67	67.5	4
88	67.5	68	3
89	68	68.5	-1
90	68.5	68.75	0
91	68.75	69	-2
92	69	70	-2
93	70	70.5	0
94	70.5	71	0
95	71	71.5	2
96	71.5	72	-2
97	72	72.25	5
98	72.25	72.5	-1
99	72.5	73	-2
100	73	76	0
101	76	77.5	7
102	77.5	78	-2
103	78	78.5	-2
104	78.5	79	-1
105	79	80	-2
106	80	80.5	0
107	80.5	81	3
108	81	81.5	-1
109	81.5	82	-2
110	82	82.5	-2
111	82.5	83	2
112	83	83.5	-5
113	83.5	84	-2
114	84	87	2
115	87	88	0
116	88	89.5	12
117	89.5	90	-2
118	90	90.5	-2
119	90.5	91	-1
120	91	92	-2
121	92	92.5	0
122	92.5	93	3
123	93	93.5	-1
124	93.5	94	-2
125	94	94.5	-2
126	94.5	95	2
127	95	95.5	-5
128	95.5	96	-2
129	96	99	2
130	100	101	10
131	101	101.5	0
132	101.5	102	-2
133	102	103	-7
134	103	103.5	0
135	103.5	104	4
136	104	105	7
137	105	105.5	-2
138	105.5	106	-2
139	106	107	-7
140	107	107.5	4
141	107.5	108	3
142	108	108.5	-1
143	108.5	108.75	0
144	108.75	109	-2
145	109	109.5	-2
146	109.5	110	0
147	110	110.5	0
148	110.5	111	2
149	111	111.5	-2
150	111.5	112	2
151	112	116	0
152	116	116.5	5
153	116.5	117	0
154	117	117.5	0
155	117.5	118	-2
156	118	119	-7
157	119	119.5	0
158	119.5	120	4
159	120	121	7
160	121	121.5	-2
161	121.5	122	-2
162	122	123	-7
163	123	123.5	4
164	123.5	124	3
165	124	124.5	-1
166	124.5	124.75	0
167	124.75	125	-2
168	125	126	-2
169	126	126.5	0
170	126.5	127	0
171	127	127.5	2
172	127.5	128	-2
173	128	128.25	5
174	128.25	128.5	-1
175	128.5	129	-2
176	129	132	0
177	132	132.25	-5
178	132.25	132.75	5
179	132.75	133	0
180	133	134	0
181	134	134.25	-5
182	134.25	134.75	5
183	134.75	135	0
184	135	136	0
185	136	136.25	-2
186	136.25	136.75	5
187	136.75	137	0
188	137	138	0
189	138	138.25	-5
190	138.25	138.75	5
191	138.75	139	0
192	139	140	0
193	140	140.25	-8
194	140.25	140.75	5
195	140.75	141	0
196	141	142	0
197	142	142.25	-5
198	142.25	142.75	5
199	142.75	143	0
200	143	144	0
201	144	144.25	-2
202	144.25	144.75	5
203	144.75	145	0
204	145	146	0
205	146	146.25	-5
206	146.25	146.75	5
207	146.75	147	0
208	147	148	0
209	148	149	2
210	149	149.5	0
211	149.5	150	-2
212	150	151	-7
213	151	151.5	0
214	151.5	152	4
215	152	153	7
216	153	153.5	-2
217	153.5	154	-2
218	154	155	-7
219	155	155.5	4
220	155.5	156	3
221	156	156.5	-1
222	156.5	156.75	0
223	156.75	157	-2
224	157	157.5	-2
225	157.5	158	0
226	158	158.5	0
227	158.5	159	2
228	159	159.5	-2
229	159.5	160	2
230	160	164	0
231	164	165.5	7
232	165.5	166	-2
233	166	166.5	-2
234	166.5	167	-1
235	167	168	-2
236	168	168.5	0
237	168.5	169	3
238	169	169.5	-1
239	169.5	170	-2
240	170	170.5	-2
241	170.5	171	2
242	171	171.5	-5
243	171.5	172	-2
244	172	175	2
245	175	176	0
246	176	177.5	12
247	177.5	178	-2
248	178	178.5	-2
249	178.5	179	-1
250	179	180	-2
251	180	180.5	0
252	180.5	181	3
253	181	181.5	-1
254	181.5	182	-2
255	182	182.5	-2
256	182.5	183	2
257	183	183.5	-5
258	183.5	184	-2
259	184	187	2
260	188	189	10
261	189	189.5	0
262	189.5	190	-2
263	190	191	-7
264	191	191.5	0
265	191.5	192	4
266	192	193	7
267	193	193.5	-2
268	193.5	194	-2
269	194	195	-7
270	195	195.5	4
271	195.5	196	3
272	196	196.5	-1
273	196.5	196.75	0
274	196.75	197	-2
275	197	197.5	-2
276	197.5	198	0
277	198	198.5	0
278	198.5	199	2
279	199	199.5	-2
280	199.5	200	2
281	200	204	0
282	204	204.5	5
283	204.5	205	0
284	205	205.5	0
285	205.5	206	-2
286	206	207	-7
287	207	207.5	0
288	207.5	208	4
289	208	209	7
290	209	209.5	-2
291	209.5	210	-2
292	210	211	-7
293	211	211.5	4
294	211.5	212	3
295	212	212.5	-1
296	212.5	212.75	0
297	212.75	213	-2
298	213	214	-2
299	214	214.5	0
300	214.5	215	0
301	215	215.5	2
302	215.5	216	-2
303	216	216.25	5
304	216.25	216.5	-1
305	216.5	217	-2
306	217	220	0
307	220	220.25	-5
308	220.25	220.75	5
309	220.75	221	0
310	221	222	0
311	222	222.25	-5
312	222.25	222.75	5
313	222.75	223	0
314	223	224	0
315	224	224.25	-2
316	224.25	224.75	5
317	224.75	225	0
318	225	226	0
319	226	226.25	-5
320	226.25	226.75	5
321	226.75	227	0
322	227	228	0
323	228	228.25	-8
324	228.25	228.75	5
325	228.75	229	0
326	229	230	0
327	230	230.25	-5
328	230.25	230.75	5
329	230.75	231	0
330	231	232	0
331	232	232.25	-2
332	232.25	232.75	5
333	232.75	233	0
334	233	234	0
335	234	234.25	-5
336	234.25	234.75	5
337	234.75	235	0
338	235	236	0
339	236	237	2
340	237	237.5	0
341	237.5	238	-2
342	238	239	-7
343	239	239.5	0
344	239.5	240	4
345	240	241	7
346	241	241.5	-2
347	241.5	242	-2
348	242	243	-7
349	243	243.5	4
350	243.5	244	3
351	244	244.5	-1
352	244.5	244.75	0
353	244.75	245	-2
354	245	245.5	-2
355	245.5	246	0
356	246	246.5	0
357	246.5	247	2
358	247	247.5	-2
359	247.5	248	2
360	248	252	0
