1	2	2.5	#
2	2.5	3	-2
3	3	4	-1
4	4	5	3
5	5	6	5
6	6	7	4
7	7	8	-4
8	8	9	-5
9	9	10	-2
10	10	11	4
11	11	12	3
12	12	14	5
13	14	15	-8
14	15	16	-2
15	16	17.5	4
16	17.5	18	3
17	18	19	3
18	19	20	-3
19	20	21	3
20	21	22	-1
21	22	23	-4
22	23	24	-3
23	24	26	-2
24	26	26.5	0
25	26.5	27	-2
26	27	28	-1
27	28	29	3
28	29	30	5
29	30	31	4
30	31	32	-4
31	32	33	-5
32	33	34	-2
33	34	35	4
34	35	36	3
35	36	38	5
36	38	38.5	-8
37	38.5	39	0
38	39	40	-2
39	40	41	4
40	41	42	3
41	42	43	3
42	43	44	-3
43	44	45	3
44	45	46	-1
45	46	47	-4
46	47	48	0
47	48	50	0
48	53	53.5	-5
49	53.5	54	5
50	54	56	4
51	56	56.3333	0
52	56.3333	56.6667	0
53	56.6667	57	0
54	57	58	1
55	58	59	-1
56	59	60	-2
57	60	61	-2
58	61	62	-7
59	62	63	4
60	63	65	-2
61	65	66	9
62	66	67.5	1
63	67.5	68	-3
64	68	68.5	-3
65	68.5	69	-2
66	69	70	-2
67	70	71	4
68	71	71.5	3
69	71.5	72	3
70	72	73	-1
71	73	74	-4
72	74	75	-3
73	75	77	-2
74	77	77.5	0
75	77.5	78	5
76	78	80	4
77	80	80.3333	0
78	80.3333	80.6667	0
79	80.6667	81	0
80	81	82	1
81	82	83	-1
82	83	84	-2
83	84	85	-2
84	85	86	-7
85	86	87	4
86	87	89	-2
87	89	90	9
88	90	91.5	1
89	91.5	92	-3
90	92	92.5	-3
91	92.5	93	-2
92	93	94	-2
93	94	95	4
94	95	96	3
95	96	97	2
96	97	98	-4
97	98	99	0
98	99	101	0
99	101	101.5	-5
100	101.5	102	-2
101	102	103	-1
102	103	104	3
103	104	105	5
104	105	106	4
105	106	107	-4
106	107	108	-5
107	108	109	-2
108	109	110	4
109	110	111	3
110	111	113	5
111	113	114	-8
112	114	115	-2
113	115	116.5	4
114	116.5	117	3
115	117	118	3
116	118	119	-3
117	119	120	3
118	120	121	-1
119	121	122	-4
120	122	123	-3
121	123	125	-2
122	125	125.5	0
123	125.5	126	-2
124	126	127	-1
125	127	128	3
126	128	129	5
127	129	130	4
128	130	131	-4
129	131	132	-5
130	132	133	-2
131	133	134	4
132	134	135	3
133	135	137	5
134	137	137.5	-8
135	137.5	138	0
136	138	139	-2
137	139	140	4
138	140	141	3
139	141	142	3
140	142	143	-3
141	143	144	3
142	144	145	-1
143	145	146	-4
144	146	147	0
145	147	149	0
146	152	152.5	-5
147	152.5	153	5
148	153	155	4
149	155	155.333	0
150	155.333	155.667	0
151	155.667	156	0
152	156	157	1
153	157	158	-1
154	158	159	-2
155	159	160	-2
156	160	161	-7
157	161	162	4
158	162	164	-2
159	164	165	9
160	165	166.5	1
161	166.5	167	-3
162	167	167.5	-3
163	167.5	168	-2
164	168	169	-2
165	169	170	4
166	170	170.5	3
167	170.5	171	3
168	171	172	-1
169	172	173	-4
170	173	174	-3
171	174	176	-2
172	176	176.5	0
173	176.5	177	5
174	177	179	4
175	179	179.333	0
176	179.333	179.667	0
177	179.667	180	0
178	180	181	1
179	181	182	-1
180	182	183	-2
181	183	184	-2
182	184	185	-7
183	185	186	4
184	186	188	-2
185	188	189	9
186	189	190.5	1
187	190.5	191	-3
188	191	191.5	-3
189	191.5	192	-2
190	192	193	-2
191	193	194	4
192	194	195	3
193	195	196	2
194	196	197	-4
195	197	198	0
196	198	201	0
