#	Title	Carolina in the Morning
#	Title	Walter Donaldson, Gus Kahn - Carolina in the Morning.xml
1	0	0.75	7	4
2	0.75	1	4	4
3	1	1.75	7	4
4	1.75	2	4	4
5	2	2.75	7	4
6	2.75	3	4	4
7	3	3.75	7	4
8	3.75	4	4	4
9	4	4.75	7	4
10	4.75	5	4	4
11	5	5.75	7	4
12	5.75	6	4	4
13	6	6.75	7	4
14	6.75	7	4	4
15	7	7.75	7	4
16	7.75	8	4	4
17	8	10	7	4
18	10	10.5	7	4
19	10.5	11	6	4
20	11	12	7	4
21	12	16	5	4
22	16	16.75	9	4
23	16.75	17	5	4
24	17	17.75	9	4
25	17.75	18	5	4
26	18	18.75	9	4
27	18.75	19	5	4
28	19	19.75	9	4
29	19.75	20	5	4
30	20	20.75	9	4
31	20.75	21	5	4
32	21	21.75	9	4
33	21.75	22	5	4
34	22	22.75	9	4
35	22.75	23	5	4
36	23	23.75	9	4
37	23.75	24	5	4
38	24	26	9	4
39	26	26.5	9	4
40	26.5	27	8	4
41	27	28	9	4
42	28	32	7	4
43	32	32.5	9	4
44	32.5	33	11	4
45	33	35	0	5
46	35	36	9	4
47	36	37	7	4
48	37	40	4	4
49	40	40.5	9	4
50	40.5	41	11	4
51	41	43	0	5
52	43	44	9	4
53	44	48	7	4
54	48	48.5	6	4
55	48.5	49	7	4
56	49	49.5	8	4
57	49.5	50	9	4
58	50	51	9	4
59	51	52	10	4
60	52	53	11	4
61	53	56	2	5
62	56	56.5	0	5
63	56.5	57	2	5
64	57	57.5	0	5
65	57.5	58	11	4
66	58	59	11	4
67	59	60	11	4
68	60	64	7	4
69	64	64.75	7	4
70	64.75	65	4	4
71	65	65.75	7	4
72	65.75	66	4	4
73	66	66.75	7	4
74	66.75	67	4	4
75	67	67.75	7	4
76	67.75	68	4	4
77	68	68.75	7	4
78	68.75	69	4	4
79	69	69.75	7	4
80	69.75	70	4	4
81	70	70.75	7	4
82	70.75	71	4	4
83	71	71.75	7	4
84	71.75	72	4	4
85	72	74	7	4
86	74	74.5	7	4
87	74.5	75	6	4
88	75	76	7	4
89	76	80	5	4
90	80	80.75	9	4
91	80.75	81	5	4
92	81	81.75	9	4
93	81.75	82	5	4
94	82	82.75	9	4
95	82.75	83	5	4
96	83	83.75	9	4
97	83.75	84	5	4
98	84	84.75	9	4
99	84.75	85	5	4
100	85	85.75	9	4
101	85.75	86	5	4
102	86	86.75	9	4
103	86.75	87	5	4
104	87	87.75	9	4
105	87.75	88	5	4
106	88	90	9	4
107	90	90.5	9	4
108	90.5	91	8	4
109	91	92	9	4
110	92	96	7	4
111	96	96.75	0	5
112	96.75	97	7	4
113	97	97.75	9	4
114	97.75	98	7	4
115	98	98.75	0	5
116	98.75	99	7	4
117	99	99.75	9	4
118	99.75	100	7	4
119	100	100.75	0	5
120	100.75	101	9	4
121	101	101.5	7	4
122	101.5	102	0	4
123	102	104	0	4
124	104	106	0	5
125	106	106.75	9	4
126	106.75	107	8	4
127	107	107.75	9	4
128	107.75	108	11	4
129	108	108.75	0	5
130	108.75	109	9	4
131	109	109.5	0	5
132	109.5	110	11	4
133	110	112	11	4
134	112	112.75	7	4
135	112.75	113	4	4
136	113	113.75	7	4
137	113.75	114	4	4
138	114	114.75	9	4
139	114.75	115	11	4
140	115	115.75	9	4
141	115.75	116	8	4
142	116	116.75	7	4
143	116.75	117	4	4
144	117	117.75	7	4
145	117.75	118	4	4
146	118	118.75	9	4
147	118.75	119	11	4
148	119	119.75	0	5
149	119.75	120	9	4
150	120	122	2	5
151	122	122.5	2	5
152	122.5	123	1	5
153	123	124	2	5
154	124	125	0	5
155	128	128.75	7	4
156	128.75	129	4	4
157	129	129.75	7	4
158	129.75	130	4	4
159	130	130.75	7	4
160	130.75	131	4	4
161	131	131.75	7	4
162	131.75	132	4	4
163	132	132.75	7	4
164	132.75	133	4	4
165	133	133.75	7	4
166	133.75	134	4	4
167	134	134.75	7	4
168	134.75	135	4	4
169	135	135.75	7	4
170	135.75	136	4	4
171	136	138	7	4
172	138	138.5	7	4
173	138.5	139	6	4
174	139	140	7	4
175	140	144	5	4
176	144	144.75	9	4
177	144.75	145	5	4
178	145	145.75	9	4
179	145.75	146	5	4
180	146	146.75	9	4
181	146.75	147	5	4
182	147	147.75	9	4
183	147.75	148	5	4
184	148	148.75	9	4
185	148.75	149	5	4
186	149	149.75	9	4
187	149.75	150	5	4
188	150	150.75	9	4
189	150.75	151	5	4
190	151	151.75	9	4
191	151.75	152	5	4
192	152	154	9	4
193	154	154.5	9	4
194	154.5	155	8	4
195	155	156	9	4
196	156	160	7	4
197	160	160.5	9	4
198	160.5	161	11	4
199	161	163	0	5
200	163	164	9	4
201	164	165	7	4
202	165	168	4	4
203	168	168.5	9	4
204	168.5	169	11	4
205	169	171	0	5
206	171	172	9	4
207	172	176	7	4
208	176	176.5	6	4
209	176.5	177	7	4
210	177	177.5	8	4
211	177.5	178	9	4
212	178	179	9	4
213	179	180	10	4
214	180	181	11	4
215	181	184	2	5
216	184	184.5	0	5
217	184.5	185	2	5
218	185	185.5	0	5
219	185.5	186	11	4
220	186	187	11	4
221	187	188	11	4
222	188	192	7	4
223	192	192.75	7	4
224	192.75	193	4	4
225	193	193.75	7	4
226	193.75	194	4	4
227	194	194.75	7	4
228	194.75	195	4	4
229	195	195.75	7	4
230	195.75	196	4	4
231	196	196.75	7	4
232	196.75	197	4	4
233	197	197.75	7	4
234	197.75	198	4	4
235	198	198.75	7	4
236	198.75	199	4	4
237	199	199.75	7	4
238	199.75	200	4	4
239	200	202	7	4
240	202	202.5	7	4
241	202.5	203	6	4
242	203	204	7	4
243	204	208	5	4
244	208	208.75	9	4
245	208.75	209	5	4
246	209	209.75	9	4
247	209.75	210	5	4
248	210	210.75	9	4
249	210.75	211	5	4
250	211	211.75	9	4
251	211.75	212	5	4
252	212	212.75	9	4
253	212.75	213	5	4
254	213	213.75	9	4
255	213.75	214	5	4
256	214	214.75	9	4
257	214.75	215	5	4
258	215	215.75	9	4
259	215.75	216	5	4
260	216	218	9	4
261	218	218.5	9	4
262	218.5	219	8	4
263	219	220	9	4
264	220	224	7	4
265	224	224.75	0	5
266	224.75	225	7	4
267	225	225.75	9	4
268	225.75	226	7	4
269	226	226.75	0	5
270	226.75	227	7	4
271	227	227.75	9	4
272	227.75	228	7	4
273	228	228.75	0	5
274	228.75	229	9	4
275	229	229.5	7	4
276	229.5	230	0	4
277	230	232	0	4
278	232	234	0	5
279	234	234.75	9	4
280	234.75	235	8	4
281	235	235.75	9	4
282	235.75	236	11	4
283	236	236.75	0	5
284	236.75	237	9	4
285	237	237.5	0	5
286	237.5	238	11	4
287	238	240	11	4
288	240	240.75	7	4
289	240.75	241	4	4
290	241	241.75	7	4
291	241.75	242	4	4
292	242	242.75	9	4
293	242.75	243	11	4
294	243	243.75	9	4
295	243.75	244	8	4
296	244	244.75	7	4
297	244.75	245	4	4
298	245	245.75	7	4
299	245.75	246	4	4
300	246	246.75	9	4
301	246.75	247	11	4
302	247	247.75	0	5
303	247.75	248	9	4
304	248	250	2	5
305	250	250.5	2	5
306	250.5	251	1	5
307	251	252	2	5
308	252	255	0	5
