1	0	1	#
2	1	2	0
3	2	2.5	-7
4	2.5	3	4
5	3	3.5	3
6	3.5	4	2
7	4	5	-2
8	5	6	0
9	6	6.5	-7
10	6.5	7	4
11	7	7.5	3
12	7.5	8	5
13	8	9	-1
14	9	10	0
15	10	11	-2
16	11	12	0
17	12	13	-2
18	13	14	-2
19	14	15	-1
20	16	17	3
21	17	18	0
22	18	18.5	-7
23	18.5	19	4
24	19	19.5	3
25	19.5	20	2
26	20	21	-2
27	21	22	0
28	22	22.5	-7
29	22.5	23	4
30	23	23.5	3
31	23.5	24	5
32	24	25	-1
33	25	26	0
34	26	27	-2
35	27	28	2
36	28	29	1
37	29	30	0
38	30	31	0
39	32	33	-5
40	33	34	0
41	34	34.5	-7
42	34.5	35	4
43	35	35.5	3
44	35.5	36	2
45	36	37	-2
46	37	38	0
47	38	38.5	-7
48	38.5	39	4
49	39	39.5	3
50	39.5	40	5
51	40	41	-1
52	41	42	0
53	42	43	-2
54	43	44	0
55	44	45	-2
56	45	46	-2
57	46	47	-1
58	48	49	3
59	49	50	0
60	50	50.5	-7
61	50.5	51	4
62	51	51.5	3
63	51.5	52	2
64	52	53	-2
65	53	54	0
66	54	54.5	-7
67	54.5	55	4
68	55	55.5	3
69	55.5	56	5
70	56	57	-1
71	57	58	0
72	58	59	-2
73	59	60	2
74	60	61	1
75	61	62	0
76	62	63	0
77	64	64.5	-5
78	64.5	65	0
79	65	66	0
80	66	67	2
81	67	68	-2
82	68	69	-2
83	69	70	0
84	70	71	-3
85	72	73	3
86	73	74	0
87	74	75	-3
88	75	76	3
89	76	77	4
90	77	78	-2
91	78	80	0
92	80	80.5	0
93	80.5	81	0
94	81	82	0
95	82	83	2
96	83	84	-2
97	84	85	-2
98	85	86	0
99	86	87	-3
100	88	89	3
101	89	90	0
102	90	91	-1
103	91	92	-2
104	92	93	-2
105	94	95	0
106	96	97	-3
107	97	98	3
108	98	99	0
109	99	100	0
110	100	104	0
111	104	105	0
112	105	106	0
113	106	107.5	2
114	107.5	108	-2
115	108	109	0
116	109	110	-2
117	110	111	0
118	112	113	-3
119	113	114	3
120	114	115	0
121	115	116	0
122	116	120	0
123	120	121	0
124	121	122	0
125	122	123.5	2
126	123.5	124	-2
127	124	125	0
128	125	126	-1
129	126	127	0
130	128	129	0
131	129	130	3
132	130	131	0
133	131	132	0
134	132	136	0
135	136	137	0
136	137	138	0
137	138	139.5	2
138	139.5	140	-2
139	140	141	0
140	141	142	-2
141	142	143	0
142	144	145	12
143	145	146	0
144	146	147	-3
145	148	149	2
146	149	150	0
147	150	151	-4
148	152	153	2
149	153	154	0
150	154	155	-5
151	155	156	2
152	156	157	1
153	157	158	0
154	158	159	0
