1	1.5	1.75	#
2	1.75	2	0
3	2	2.75	5
4	2.75	3	0
5	3	3.5	0
6	3.5	4	0
7	4	4.75	-1
8	4.75	5	0
9	5	6	0
10	6	6.75	1
11	6.75	7	0
12	7	7.5	0
13	7.5	8	0
14	8	8.75	2
15	8.75	9	0
16	9	9.5	0
17	9.5	10	2
18	10	10.25	0
19	10.25	10.75	0
20	10.75	11	0
21	11	11.75	0
22	11.75	12	0
23	12	12.25	3
24	12.25	13	0
25	13	13.5	0
26	13.5	14	0
27	14	14.75	-3
28	14.75	15	-4
29	15	16	0
30	16	16.75	-3
31	16.75	17	0
32	17	18	0
33	18.5	19	-4
34	19	19.5	0
35	19.5	20	0
36	20	20.5	0
37	20.5	21	0
38	21	21.5	-1
39	21.5	22	1
40	22	22.5	2
41	22.75	23	-3
42	23	23.5	0
43	23.5	24	0
44	24	24.75	3
45	24.75	25	0
46	25	25.5	0
47	25.5	25.75	9
48	25.75	26	0
49	26	26.25	0
50	26.25	26.75	0
51	26.75	27	0
52	27	27.75	0
53	27.75	28	0
54	28	28.25	3
55	28.25	29	0
56	29	29.5	0
57	29.5	30	0
58	30	30.75	-3
59	30.75	31	-4
60	31	32	0
61	32	32.75	-3
62	32.75	33	0
63	33	34	0
64	34.5	35	3
65	35	35.5	0
66	35.5	36	0
67	36	36.5	0
68	36.5	37	0
69	37	37.5	-1
70	37.5	38	1
71	38	38.5	-5
72	38.75	39	-5
73	39	39.5	0
74	39.5	40	0
75	40	41	5
76	41	41.5	5
77	41.5	42	0
78	42	42.5	0
79	42.5	43.5	0
80	43.5	44	0
81	44	44.5	0
82	44.5	45	0
83	45	45.5	0
84	45.5	46	2
85	46	47.5	2
86	47.5	48	0
87	48	50	0
88	50.5	51	-4
89	51	51.5	0
90	51.5	52	0
91	52	52.5	0
92	52.5	53	0
93	53	53.5	2
94	53.5	54	0
95	54	54.5	0
96	54.5	55.5	2
97	55.5	56	0
98	56	58	0
99	58.5	59	-4
100	59	59.5	0
101	59.5	60	0
102	60	60.5	0
103	60.5	60.75	0
104	60.75	61	0
105	61	61.5	0
106	61.5	62	0
107	62	62.5	0
108	62.5	63	0
109	63	63.25	0
110	63.25	64	0
111	64	66	-3
112	66.5	67	3
113	67	67.5	0
114	67.5	68	0
115	68	69	-5
116	69	69.5	0
117	69.5	70	0
118	70	70.5	-7
119	70.75	71	7
120	71	71.5	0
121	71.5	72	0
122	72	72.75	0
123	72.75	73	0
124	73	73.5	0
125	73.5	74	9
126	74	74.25	0
127	74.25	74.75	0
128	74.75	75	0
129	75	75.75	0
130	75.75	76	0
131	76	76.25	3
132	76.25	77	0
133	77	77.5	0
134	77.5	78	0
135	78	78.75	-3
136	78.75	79	-4
137	79	80	0
138	80	80.75	-3
139	80.75	81	0
140	81	82	0
141	82.5	83	-4
142	83	83.5	0
143	83.5	84	0
144	84	84.5	0
145	84.5	85	0
146	85	85.5	-1
147	85.5	86	1
148	86	86.5	2
149	86.75	87	-3
150	87	87.5	0
151	87.5	88	0
152	88	88.75	3
153	88.75	89	0
154	89	89.5	0
155	89.5	89.75	9
156	89.75	90	0
157	90	90.25	0
158	90.25	90.75	0
159	90.75	91	0
160	91	91.75	0
161	91.75	92	0
162	92	92.25	3
163	92.25	93	0
164	93	93.5	0
165	93.5	94	0
166	94	94.75	-3
167	94.75	95	-4
168	95	96	0
169	96	96.75	-3
170	96.75	97	0
171	97	98	0
172	98.5	99	3
173	99	99.5	0
174	99.5	100	0
175	100	100.5	0
176	100.5	101	0
177	101	101.5	-1
178	101.5	102	1
179	102	102.5	-5
180	102.75	103	-5
181	103	103.5	0
182	103.5	104	0
183	104	105	5
184	105	105.5	5
185	105.5	106	0
186	106	106.5	0
187	106.5	107.5	0
188	107.5	108	0
189	108	108.5	0
190	108.5	109	0
191	109	109.5	0
192	109.5	110	2
193	110	111.5	2
194	111.5	112	0
195	112	114	0
196	114.5	115	-4
197	115	115.5	0
198	115.5	116	0
199	116	116.5	0
200	116.5	117	0
201	117	117.5	2
202	117.5	118	0
203	118	118.5	0
204	118.5	119.5	2
205	119.5	120	0
206	120	122	0
207	122.5	123	-4
208	123	123.5	0
209	123.5	124	0
210	124	124.5	0
211	124.5	124.75	0
212	124.75	125	0
213	125	125.5	0
214	125.5	126	0
215	126	126.5	0
216	126.5	127	0
217	127	127.25	0
218	127.25	128	0
219	128	130	-3
220	130.5	131	3
221	131	131.5	0
222	131.5	132	0
223	132	133	-5
224	133	133.5	0
225	133.5	134	0
226	134	134.5	5
227	134.75	135	-5
228	135	135.5	0
229	135.5	136	0
230	136	136.75	5
231	136.75	137	0
232	137	137.5	0
233	137.5	138	4
234	138	138.25	0
235	138.25	138.75	0
236	138.75	139	0
237	139	139.75	0
238	139.75	140	0
239	140	140.25	3
240	140.25	141	0
241	141	141.5	0
242	141.5	142	0
243	142	142.75	-3
244	142.75	143	-4
245	143	144	0
246	144	144.75	-3
247	144.75	145	0
248	145	146	0
249	146.5	147.5	-4
250	147.5	148	0
251	148	148.5	0
252	148.5	149	0
253	149	149.5	-1
254	149.5	150	1
255	150	150.5	2
256	150.75	151	-3
257	151	151.5	0
258	151.5	152	0
259	152	152.75	3
260	152.75	153	0
261	153	153.5	0
262	153.5	154	9
263	154	154.25	0
264	154.25	154.5	0
265	154.5	155.5	0
266	155.5	155.75	0
267	155.75	156	0
268	156	156.25	3
269	156.25	157	0
270	157	157.5	0
271	157.5	158	0
272	158	158.75	-3
273	158.75	159	-4
274	159	160	0
275	160	160.75	-3
276	160.75	161	0
277	161	162	0
278	162.5	163	3
279	163	163.5	0
280	163.5	164	0
281	164	164.5	0
282	164.5	165	0
283	165	165.5	-1
284	165.5	166	1
285	166	166.5	-5
286	166.75	167	-5
287	167	167.5	0
288	167.5	168	0
289	168	169	5
290	169	169.5	5
291	169.5	170	0
292	170	170.5	0
293	170.5	171	0
294	171	171.5	0
295	171.5	172	0
296	172	172.5	0
297	172.5	173	0
298	173	173.5	0
299	173.5	174	2
300	174	175	2
301	175	175.5	0
302	175.5	176	0
303	176	177.5	0
304	177.5	178	-2
305	178	178.5	-2
306	178.5	179	0
307	179	179.5	0
308	179.5	180	0
309	180	180.5	0
310	180.5	182	0
311	182	182.5	0
312	182.5	183	4
313	183	183.5	0
314	183.5	184	0
315	184	185.5	0
316	185.5	186	0
317	186	186.5	0
318	186.5	187	0
319	187	187.5	0
320	187.5	188	0
321	188	188.5	0
322	188.5	189	0
323	189	189.5	0
324	189.5	190	0
325	190	190.5	0
326	190.5	191.5	0
327	191.5	192	0
328	192	194	-7
329	194.5	195	3
330	195	195.5	0
331	195.5	196	0
332	196	197	-5
333	197	197.5	0
334	197.5	198	0
335	198	198.5	-7
336	198.75	199	7
337	199	199.5	0
338	199.5	200	0
339	200	200.75	0
340	200.75	201	0
341	201	201.5	0
342	201.5	202	9
343	202	202.25	0
344	202.25	202.75	0
345	202.75	203	0
346	203	203.75	0
347	203.75	204	0
348	204	204.25	3
349	204.25	205	0
350	205	205.5	0
351	205.5	206	0
352	206	206.75	-3
353	206.75	207	-4
354	207	208	0
355	208	208.75	-3
356	208.75	209	0
357	209	210	0
358	210.5	211.5	-4
359	211.5	212	0
360	212	212.5	0
361	212.5	213	0
362	213	213.5	-1
363	213.5	214	1
364	214	214.5	2
365	214.75	215	-3
366	215	215.5	0
367	215.5	216	0
368	216	216.75	3
369	216.75	217	0
370	217	217.5	0
371	217.5	218	9
372	218	218.25	0
373	218.25	218.5	0
374	218.5	219.5	0
375	219.5	219.75	0
376	219.75	220	0
377	220	220.25	3
378	220.25	221	0
379	221	221.5	0
380	221.5	222	0
381	222	222.75	-3
382	222.75	223	-4
383	223	224	0
384	224	224.75	-3
385	224.75	225	0
386	225	226	0
387	226.5	227	3
388	227	227.5	0
389	227.5	228	0
390	228	228.5	0
391	228.5	229	0
392	229	229.5	-1
393	229.5	230	1
394	230	230.5	-5
395	230.75	231	-5
396	231	231.5	0
397	231.5	232	0
398	232	233	5
399	233	233.5	5
400	233.5	234	0
401	234	234.5	0
402	234.5	235	0
403	235	235.5	0
404	235.5	236	0
405	236	236.5	0
406	236.5	237	0
407	237	237.5	0
408	237.5	238	2
409	238	239	2
410	239	239.5	0
411	239.5	240	0
412	240	241.5	0
413	241.5	242	-2
414	242	242.5	-2
415	242.5	243	0
416	243	243.5	0
417	243.5	244	0
418	244	244.5	0
419	244.5	246	0
420	246	246.5	0
421	246.5	247	4
422	247	247.5	0
423	247.5	248	0
424	248	249.5	0
425	249.5	250	0
426	250	250.5	0
427	250.5	251	0
428	251	251.5	0
429	251.5	252	0
430	252	252.5	0
431	252.5	253	0
432	253	253.5	0
433	253.5	254	0
434	254	254.5	0
435	254.5	255.5	0
436	255.5	256	0
437	256	258	-7
438	258.5	259	3
439	259	259.5	0
440	259.5	260	0
441	260	261	-5
442	261	261.5	0
443	261.5	262	0
444	262	262.5	-7
445	262.75	263	7
446	263	263.5	0
447	263.5	264	0
448	264	264.75	5
449	264.75	265	0
450	265	265.5	0
