1	4	4.5	#
2	8	9	5
3	9	10	7
4	10	11	0
5	11	11.5	0
6	11.5	12	-2
7	12	12.5	2
8	12.5	13.5	-2
9	13.5	14	-2
10	14	15.5	0
11	15.5	16	-8
12	16	17	5
13	17	18	0
14	18	18.5	3
15	18.5	19.5	0
16	19.5	20	4
17	20	23	0
18	23.5	24	-12
19	24	25	5
20	25	26	7
21	26	27.5	0
22	27.5	28	-2
23	28	28.5	2
24	28.5	29.5	-2
25	29.5	30	-2
26	30	31.5	0
27	31.5	32	-8
28	32	33	5
29	33	34	0
30	34	34.75	2
31	34.75	35	-2
32	35	36	-2
33	36	39	2
34	39	40	7
35	40	41.5	3
36	41.5	42	0
37	42	43	-3
38	43	44	3
39	44	44.5	2
40	44.5	45.5	-2
41	45.5	46	-3
42	46	47.5	0
43	47.5	48	-12
44	48	49	5
45	49	50	0
46	50	50.5	3
47	50.5	51.5	0
48	51.5	52	4
49	52	55	0
50	55	56	0
51	56	57.5	3
52	57.5	58	0
53	58	59	-3
54	59	60	3
55	60	60.5	2
56	60.5	61.5	-2
57	61.5	62	-3
58	62	62.5	0
59	62.5	63	-2
60	63	64	-2
61	64	65	-3
62	65	66	0
63	66	66.75	2
64	66.75	67	-2
65	67	68	-2
66	68	71	2
67	71.5	72	-5
68	72	73	5
69	73	74	7
70	74	75	0
71	75	75.5	0
72	75.5	76	-2
73	76	76.5	2
74	76.5	77.5	-2
75	77.5	78	-2
76	78	79.5	0
77	79.5	80	-8
78	80	81	5
79	81	82	0
80	82	82.5	3
81	82.5	83.5	0
82	83.5	84	4
83	84	87	0
84	87.5	88	-12
85	88	89	5
86	89	90	7
87	90	91.5	0
88	91.5	92	-2
89	92	92.5	2
90	92.5	93.5	-2
91	93.5	94	-2
92	94	95.5	0
93	95.5	96	-8
94	96	97	5
95	97	98	0
96	98	98.75	2
97	98.75	99	-2
98	99	100	-2
99	100	103	2
100	103	104	7
101	104	105.5	3
102	105.5	106	0
103	106	107	-3
104	107	108	3
105	108	108.5	2
106	108.5	109.5	-2
107	109.5	110	-3
108	110	111.5	0
109	111.5	112	-12
110	112	113	5
111	113	114	0
112	114	114.5	3
113	114.5	115.5	0
114	115.5	116	4
115	116	119	0
116	119	120	0
117	120	121.5	3
118	121.5	122	0
119	122	123	-3
120	123	124	3
121	124	124.5	2
122	124.5	125.5	-2
123	125.5	126	-3
124	126	126.5	0
125	126.5	127	-2
126	127	128	-2
127	128	129	-3
128	129	130	0
129	130	130.75	2
130	130.75	131	-2
131	131	132	-2
132	132	136	2
