#	Title	White Silver Sands
#	Title	Charles 'Red' Matthews - White Silver Sands.xml
1	2	3	4	4
2	3	4	7	4
3	4	8	0	4
4	8	9	0	4
5	9	10	0	4
6	10	11	4	4
7	11	12	7	4
8	12	13	0	4
9	13	16	0	4
10	18	19	9	4
11	19	20	0	5
12	20	24	0	4
13	24	25	0	4
14	25	26	0	4
15	26	27	5	4
16	27	28	9	4
17	28	32	7	4
18	33	34	7	4
19	34	35	9	4
20	35	36	11	4
21	36	40	0	5
22	41	42	0	4
23	42	43	4	4
24	43	44	9	4
25	44	45	7	4
26	45	48	4	4
27	50	51	4	4
28	51	52	7	4
29	52	56	7	3
30	57	58	7	3
31	58	59	11	3
32	59	60	2	4
33	60	64	0	4
34	66	67	4	4
35	67	68	7	4
36	68	72	0	4
37	72	73	0	4
38	73	74	0	4
39	74	75	4	4
40	75	76	7	4
41	76	77	0	4
42	77	80	0	4
43	82	83	9	4
44	83	84	0	5
45	84	88	0	4
46	88	89	0	4
47	89	90	0	4
48	90	91	5	4
49	91	92	9	4
50	92	96	7	4
51	97	98	7	4
52	98	99	9	4
53	99	100	11	4
54	100	104	0	5
55	105	106	0	4
56	106	107	4	4
57	107	108	9	4
58	108	109	7	4
59	109	112	4	4
60	114	115	4	4
61	115	116	7	4
62	116	120	7	3
63	121	122	7	3
64	122	123	11	3
65	123	124	11	3
66	124	128	0	4
67	129	130	0	4
68	130	131	0	4
69	131	132	0	4
70	132	136	9	4
71	136	138	9	4
72	138	139	9	4
73	139	140	11	4
74	140	142	0	5
75	142	144	11	4
76	144	145	11	4
77	146	147	0	4
78	147	148	0	4
79	148	152	7	4
80	152	154	7	4
81	154	155	7	4
82	155	156	9	4
83	156	157	4	4
84	157	160	7	4
85	160	162	7	4
86	162	163	0	4
87	163	164	0	4
88	164	168	9	4
89	168	169	9	4
90	169	170	9	4
91	170	171	9	4
92	171	172	11	4
93	172	174	0	5
94	174	176	11	4
95	176	177	11	4
96	178	179	0	4
97	179	180	0	4
98	180	184	7	4
99	184	185	7	4
100	185	186	4	4
101	186	187	7	4
102	187	188	7	4
103	188	189	7	4
104	189	192	2	4
105	192	193	2	4
106	194	195	4	4
107	195	196	7	4
108	196	200	0	4
109	200	201	0	4
110	201	202	0	4
111	202	203	4	4
112	203	204	7	4
113	204	205	0	4
114	205	208	0	4
115	210	211	9	4
116	211	212	0	5
117	212	216	0	4
118	216	217	0	4
119	217	218	0	4
120	218	219	5	4
121	219	220	9	4
122	220	224	7	4
123	225	226	7	4
124	226	227	9	4
125	227	228	11	4
126	228	232	0	5
127	233	234	0	4
128	234	235	4	4
129	235	236	9	4
130	236	237	7	4
131	237	240	0	4
132	242	243	4	4
133	243	244	7	4
134	244	248	7	3
135	249	250	7	3
136	250	251	11	3
137	251	252	2	4
138	252	256	0	4
139	258	259	4	4
140	259	260	7	4
141	260	264	0	4
142	264	265	0	4
143	265	266	0	4
144	266	267	4	4
145	267	268	7	4
146	268	269	0	4
147	269	272	0	4
148	274	275	9	4
149	275	276	0	5
150	276	280	0	4
151	280	281	0	4
152	281	282	0	4
153	282	283	5	4
154	283	284	9	4
155	284	288	7	4
156	289	290	7	4
157	290	291	9	4
158	291	292	11	4
159	292	296	0	5
160	297	298	0	4
161	298	299	4	4
162	299	300	9	4
163	300	301	7	4
164	301	304	4	4
165	306	307	4	4
166	307	308	7	4
167	308	312	7	3
168	313	314	7	3
169	314	315	11	3
170	315	316	2	4
171	316	320	0	4
172	322	323	4	4
173	323	324	7	4
174	324	328	0	4
175	328	329	0	4
176	329	330	0	4
177	330	331	4	4
178	331	332	7	4
179	332	333	0	4
180	333	336	0	4
181	338	339	9	4
182	339	340	0	5
183	340	344	0	4
184	344	345	0	4
185	345	346	0	4
186	346	347	5	4
187	347	348	9	4
188	348	352	7	4
189	353	354	7	4
190	354	355	9	4
191	355	356	11	4
192	356	360	0	5
193	361	362	0	4
194	362	363	4	4
195	363	364	9	4
196	364	365	7	4
197	365	368	4	4
198	370	371	4	4
199	371	372	7	4
200	372	376	7	3
201	377	378	7	3
202	378	379	11	3
203	379	380	11	3
204	380	384	0	4
205	385	386	0	4
206	386	387	0	4
207	387	388	0	4
208	388	392	9	4
209	392	394	9	4
210	394	395	9	4
211	395	396	11	4
212	396	398	0	5
213	398	400	11	4
214	400	401	11	4
215	402	403	0	4
216	403	404	0	4
217	404	408	7	4
218	408	410	7	4
219	410	411	7	4
220	411	412	9	4
221	412	413	4	4
222	413	416	7	4
223	416	418	7	4
224	418	419	0	4
225	419	420	0	4
226	420	424	9	4
227	424	425	9	4
228	425	426	9	4
229	426	427	9	4
230	427	428	11	4
231	428	430	0	5
232	430	432	11	4
233	432	433	11	4
234	434	435	0	4
235	435	436	0	4
236	436	440	7	4
237	440	441	7	4
238	441	442	4	4
239	442	443	7	4
240	443	444	7	4
241	444	445	7	4
242	445	448	2	4
243	448	449	2	4
244	450	451	4	4
245	451	452	7	4
246	452	456	0	4
247	456	457	0	4
248	457	458	0	4
249	458	459	4	4
250	459	460	7	4
251	460	461	0	4
252	461	464	0	4
253	466	467	9	4
254	467	468	0	5
255	468	472	0	4
256	472	473	0	4
257	473	474	0	4
258	474	475	5	4
259	475	476	9	4
260	476	480	7	4
261	481	482	7	4
262	482	483	9	4
263	483	484	11	4
264	484	488	0	5
265	489	490	0	4
266	490	491	4	4
267	491	492	9	4
268	492	493	7	4
269	493	496	0	4
270	498	499	4	4
271	499	500	7	4
272	500	504	7	3
273	505	506	7	3
274	506	507	11	3
275	507	508	2	4
276	508	512	0	4
277	514	515	4	4
278	515	516	7	4
279	516	520	0	4
280	520	523	0	4
